100,'5495',627,,2493,15,,,0,91,,2494,15,,,0,27,,2508,15,,,0,81,,2495,15,,,0,110,,2496,15,,,0,100,,2497,15,,,0,101,,2498,14,,,0,109,,2500,15,,,0,110,,2499,15,,,0,70,,2501,15,,,0,97,,2503,15,,,0,4,,2504,15,,,0,80,,2510,15,,,0,47,,2502,15,,,0,159,,2509,15,,,0,89,,2505,15,,,0,122,,2506,15,,,0,282,,2507,15,,,0
100,'5496',1733,,2511,15,,,0,212,,2514,15,,,0,194,,2512,15,,,0,276,,2513,15,,,0
100,'5497',1733,,2515,15,,,0,212,,2519,15,,,0,194,,2516,15,,,0,276,,2517,15,,,0,119,,2518,15,4,,0
100,'5498',726,,2527,15,,,0,100,,2522,15,,,0,102,,2523,15,,,0,101,,2524,15,,,0,100,,2525,15,,,0,101,,2526,15,,,0,102,,2520,15,,,0,100,,2521,15,,,0,100,,2533,15,,,0,100,,2534,15,,,0,100,,2537,15,,,0,99,,2532,15,,,0,109,,2535,15,,,0,99,,2536,15,,,0,103,,2528,15,,,0,110,,2531,15,,,0,154,,2529,15,,,0,94,,2530,15,4,,0
100,'5499',822,,2549,15,,,0,107,,2548,15,,,0,101,,2546,15,,,0,100,,2538,15,,,0,102,,2544,15,,,0,100,,2539,15,,,0,100,,2545,15,,,0,100,,2540,15,,,0,100,,2542,15,,,0,100,,2550,15,,,0,99,,2541,15,,,0,109,,2543,15,,,0,99,,2547,15,,,0,99,,2552,15,,,0,105,,2551,15,,,0
200,'5495',622,,2615,10,,,0,109,,2616,10,,,0,27,,2631,10,,,0,65,,2617,10,,,0,20,,2619,10,,,0,108,,2618,10,,,0,150,,2621,10,,,0,106,,2620,10,,,0,106,,2622,10,,,0,105,,2623,10,,,0,100,,2626,10,,,0,87,,2627,10,,,0,34,,2625,10,,,0,74,,2632,10,,,0,35,,2624,10,,,0,199,,2628,10,,,0,109,,2629,10,,,0,148,,2630,10,,,0
200,'5496',1838,,2633,10,,,0,474,,2634,10,,,0
200,'5497',1838,,2635,10,,,0,474,,2636,10,,,0
200,'5498',734,,2650,10,,,0,172,,2644,10,,,0,101,,2646,10,,,0,100,,2645,10,,,0,101,,2647,10,,,0,100,,2648,10,,,0,101,,2649,10,,,0,100,,2638,10,,,0,100,,2639,10,,,0,100,,2655,10,,,0,99,,2640,10,,,0,100,,2641,10,,,0,99,,2642,10,,,0,100,,2643,10,,,0,100,,2652,10,,,0,98,,2651,10,,,0,114,,2653,10,,,0,99,,2654,10,4,,0
200,'5499',800,,2666,10,,,0,100,,2667,10,,,0,101,,2665,10,,,0,106,,2656,10,,,0,101,,2660,10,,,0,100,,2658,10,,,0,101,,2663,10,,,0,100,,2657,10,,,0,100,,2662,10,,,0,100,,2668,10,,,0,99,,2659,10,,,0,100,,2664,10,,,0,99,,2661,10,,,0,105,,2671,10,,,0,99,,2670,10,,,0,104,,2669,10,,,0
400,'5495',739,,2784,9,,,0,80,,2785,9,,,0,37,,2786,9,,,0,599,,2787,9,,,0,257,,2788,9,,,0
400,'5496',1552,,2790,9,,,0,80,,2789,9,,,0
400,'5497',1552,,2792,9,,,0,80,,2791,9,,,0
901,'5495',739,,2814,27,,,0,104,,2815,27,,,0,101,,2816,27,,,0,100,,2817,27,,,0,101,,2818,27,,,0,98,,2819,27,,,0,100,,2820,27,,,0,100,,2821,27,,,0,164,,2822,27,,,0,100,,2823,27,,,0,51,,2824,27,,,0,147,,2825,27,,,0,114,,2826,27,,,0
