100,'5495',639,,2493,27,,,0,91,,2494,27,,,0,27,,2508,27,,,0,83,,2495,27,,,0,109,,2496,27,,,0,99,,2497,27,,,0,102,,2498,26,,,0,109,,2500,27,,,0,150,,2499,27,,,0,30,,2501,27,,,0,98,,2503,27,,,0,4,,2504,27,,,0,80,,2510,27,,,0,87,,2502,27,,,0,117,,2509,27,,,0,89,,2505,27,,,0,121,,2506,27,,,0,281,,2507,27,,,0
100,'5496',1747,,2511,27,,,0,210,,2514,27,,,0,193,,2512,27,,,0,275,,2513,27,,,0
100,'5497',1747,,2515,27,,,0,210,,2519,27,,,0,193,,2516,27,,,0,275,,2517,27,,,0
100,'5498',738,,2527,27,,,0,100,,2522,27,,,0,102,,2523,27,,,0,101,,2524,27,,,0,100,,2525,27,,,0,101,,2526,27,,,0,102,,2520,27,,,0,100,,2521,27,,,0,100,,2533,27,,,0,100,,2534,27,,,0,100,,2537,27,,,0,99,,2532,27,,,0,108,,2535,27,,,0,99,,2536,27,,,0,103,,2528,27,,,0,150,,2531,27,,,0,113,,2529,27,,,0
100,'5499',834,,2549,27,,,0,107,,2548,27,,,0,101,,2546,27,,,0,100,,2538,27,,,0,102,,2544,27,,,0,100,,2539,27,,,0,100,,2545,27,,,0,100,,2540,27,,,0,100,,2542,27,,,0,100,,2550,27,,,0,99,,2541,27,,,0,108,,2543,27,,,0,99,,2547,27,,,0,99,,2552,27,,,0,105,,2551,27,,,0
200,'5495',636,,2615,24,,,0,109,,2616,24,,,0,67,,2631,24,,,0,26,,2617,24,,,0,20,,2619,24,,,0,147,,2618,24,,,0,110,,2621,24,,,0,107,,2620,24,,,0,106,,2622,24,,,0,105,,2623,24,,,0,100,,2626,24,,,0,87,,2627,24,,,0,34,,2625,24,,,0,74,,2632,24,,,0,75,,2624,24,,,0,199,,2628,24,,,0,109,,2629,24,,,0,107,,2630,24,,,0
200,'5496',1853,,2633,24,,,0,473,,2634,24,,,0
200,'5497',1853,,2635,24,,,0,473,,2636,24,,,0
200,'5498',749,,2650,24,,,0,172,,2644,24,,,0,102,,2646,24,,,0,100,,2645,24,,,0,101,,2647,24,,,0,100,,2648,24,,,0,101,,2649,24,,,0,100,,2638,24,,,0,100,,2639,24,,,0,100,,2655,24,,,0,99,,2640,24,,,0,100,,2641,24,,,0,98,,2642,24,,,0,100,,2643,24,,,0,100,,2652,24,,,0,97,,2651,24,,,0,114,,2653,24,,,0
200,'5499',815,,2666,24,,,0,100,,2667,24,,,0,102,,2665,24,,,0,106,,2656,24,,,0,101,,2660,24,,,0,100,,2658,24,,,0,101,,2663,24,,,0,100,,2657,24,,,0,100,,2662,24,,,0,100,,2668,24,,,0,99,,2659,24,,,0,100,,2664,24,,,0,98,,2661,24,,,0,105,,2671,24,,,0,99,,2670,24,,,0,103,,2669,24,,,0
900,'5495',805,,2801,25,,,0,105,,2803,25,,,0,100,,2802,25,,,0,100,,2805,25,,,0,120,,2804,25,,,0,80,,2807,25,,,0,100,,2806,25,,,0,102,,2808,25,,,0,124,,2810,25,,,0,100,,2809,25,,,0,89,,2811,25,,,0,106,,2812,25,,,0,114,,2813,25,,,0
