101,'5495',645,,2554,12,,,0,66,,2568,12,,,0,40,,2555,12,,,0,152,,2556,12,,,0,100,,2558,12,,,0,101,,2557,12,,,0,108,,2559,12,,,0,110,,2560,12,,,0,30,,2561,12,,,0,100,,2562,12,,,0,78,,2570,12,,,0,88,,2563,12,,,0,120,,2569,12,,,0,89,,2565,12,,,0,124,,2566,12,,,0,283,,2567,12,,,0
101,'5496',1521,,2572,12,0,5 6,0,137,,2571,12,,,0,254,,2575,12,,,0,195,,2573,12,,,0,237,,2574,12,,,0
101,'5497',1521,,2577,12,0,5 6,0,137,,2576,12,,,0,254,,2581,12,,,0,195,,2578,12,,,0,237,,2579,12,,,0
101,'5498',655,,2593,12,,,0,100,,2588,12,,,0,101,,2589,12,,,0,100,,2590,12,,,0,100,,2591,12,,,0,101,,2592,12,,,0,100,,2582,12,,,0,100,,2586,12,,,0,100,,2585,12,,,0,100,,2584,12,,,0,100,,2599,12,,,0,99,,2583,12,,,0,150,,2587,12,,,0,99,,2594,12,,,0,105,,2597,12,,,0,110,,2595,12,,,0,115,,2596,12,,,0,95,,2598,12,,,0
101,'5499',751,,2610,12,,,0,106,,2612,12,,,0,100,,2608,12,,,0,100,,2600,12,,,0,102,,2604,12,,,0,98,,2602,12,,,0,100,,2606,12,,,0,100,,2601,12,,,0,100,,2605,12,,,0,100,,2611,12,,,0,99,,2603,12,,,0,150,,2607,12,,,0,99,,2609,12,,,0,101,,2613,12,,,0,105,,2614,12,,,0
201,'5495',659,,2673,12,,,0,71,,2688,12,,,0,25,,2674,12,,,0,60,,2675,12,,,0,107,,2676,12,,,0,110,,2678,12,,,0,105,,2677,12,,,0,106,,2679,12,,,0,105,,2680,12,,,0,100,,2681,12,,,0,86,,2684,12,,,0,74,,2683,12,,,0,35,,2689,12,,,0,75,,2682,12,,,0,199,,2685,12,,,0,105,,2686,12,,,0,108,,2687,12,,,0
201,'5496',1808,,2690,12,,,0,431,,2691,12,,,0
201,'5497',1808,,2692,12,,,0,431,,2693,12,,,0,202,,2694,12,,,0
201,'5498',711,,2707,12,,,0,125,,2701,12,,,0,101,,2702,12,,,0,100,,2703,12,,,0,101,,2704,12,,,0,100,,2705,12,,,0,100,,2706,12,,,0,100,,2695,12,,,0,100,,2696,12,,,0,100,,2712,12,,,0,99,,2697,12,,,0,100,,2698,12,,,0,100,,2699,12,,,0,100,,2700,12,,,0,100,,2710,12,,,0,99,,2708,12,,,0,115,,2709,12,,,0,100,,2711,12,,,0
201,'5499',731,,2723,12,,,0,100,,2724,12,,,0,101,,2722,12,,,0,105,,2715,12,,,0,101,,2716,12,,,0,100,,2714,12,,,0,100,,2718,12,,,0,100,,2713,12,,,0,100,,2719,12,,,0,100,,2725,12,,,0,99,,2720,12,,,0,100,,2721,12,,,0,100,,2717,12,,,0,105,,2727,12,,,0,99,,2728,12,,,0,105,,2726,12,,,0
401,'5495',804,,2794,6,,,0,37,,2793,6,,,0,599,,2795,6,,,0,217,,2796,6,,,0
401,'5496',1617,,2797,6,,,0
401,'5497',1617,,2799,6,,,0
901,'5495',726,,2814,12,,,0,103,,2815,12,,,0,102,,2816,12,,,0,100,,2817,12,,,0,101,,2818,12,,,0,98,,2819,12,,,0,100,,2820,12,,,0,99,,2821,12,,,0,124,,2822,12,,,0,100,,2823,12,,,0,92,,2824,12,,,0,107,,2825,12,,,0,154,,2826,12,,,0
