101,'5495',645,,2554,11,,,0,66,,2568,11,,,0,39,,2555,11,,,0,152,,2556,11,,,0,101,,2558,11,,,0,100,,2557,11,,,0,108,,2559,11,,,0,110,,2560,11,,,0,30,,2561,11,,,0,100,,2562,11,,,0,78,,2570,11,,,0,88,,2563,11,,,0,120,,2569,11,,,0,90,,2565,11,,,0,124,,2566,11,,,0,283,,2567,11,,,0
101,'5496',1520,,2572,11,0,5 6,0,137,,2571,11,,,0,255,,2575,11,,,0,195,,2573,11,,,0,237,,2574,11,,,0
101,'5497',1520,,2577,11,0,5 6,0,137,,2576,11,,,0,255,,2581,11,,,0,195,,2578,11,,,0,237,,2579,11,,,0
101,'5498',655,,2593,11,,,0,100,,2588,11,,,0,101,,2589,11,,,0,100,,2590,11,,,0,100,,2591,11,,,0,100,,2592,11,,,0,100,,2582,11,,,0,100,,2586,11,,,0,100,,2585,11,,,0,100,,2584,11,,,0,100,,2599,11,,,0,100,,2583,11,,,0,150,,2587,11,,,0,99,,2594,11,,,0,105,,2597,11,,,0,110,,2595,11,,,0,115,,2596,11,,,0,95,,2598,11,,,0
101,'5499',751,,2610,11,,,0,106,,2612,11,,,0,100,,2608,11,,,0,100,,2600,11,,,0,101,,2604,11,,,0,98,,2602,11,,,0,100,,2606,11,,,0,100,,2601,11,,,0,100,,2605,11,,,0,100,,2611,11,,,0,100,,2603,11,,,0,150,,2607,11,,,0,99,,2609,11,,,0,101,,2613,11,,,0,105,,2614,11,,,0
201,'5495',659,,2673,11,,,0,71,,2688,11,,,0,25,,2674,11,,,0,60,,2675,11,,,0,107,,2676,11,,,0,110,,2678,11,,,0,105,,2677,11,,,0,105,,2679,11,,,0,105,,2680,11,,,0,100,,2681,11,,,0,86,,2684,11,,,0,74,,2683,11,,,0,35,,2689,11,,,0,75,,2682,11,,,0,200,,2685,11,,,0,105,,2686,11,,,0,108,,2687,11,,,0
201,'5496',1807,,2690,11,,,0,432,,2691,11,,,0
201,'5497',1807,,2692,11,,,0,432,,2693,11,,,0,202,,2694,11,,,0
201,'5498',710,,2707,11,,,0,126,,2701,11,,,0,101,,2702,11,,,0,100,,2703,11,,,0,100,,2704,11,,,0,100,,2705,11,,,0,100,,2706,11,,,0,100,,2695,11,,,0,100,,2696,11,,,0,100,,2712,11,,,0,100,,2697,11,,,0,100,,2698,11,,,0,100,,2699,11,,,0,100,,2700,11,,,0,100,,2710,11,,,0,99,,2708,11,,,0,114,,2709,11,,,0,100,,2711,11,,,0
201,'5499',731,,2723,11,,,0,100,,2724,11,,,0,101,,2722,11,,,0,105,,2715,11,,,0,100,,2716,11,,,0,100,,2714,11,,,0,100,,2718,11,,,0,100,,2713,11,,,0,100,,2719,11,,,0,100,,2725,11,,,0,100,,2720,11,,,0,100,,2721,11,,,0,100,,2717,11,,,0,105,,2727,11,,,0,99,,2728,11,,,0,105,,2726,11,,,0
901,'5495',726,,2814,11,,,0,103,,2815,11,,,0,102,,2816,11,,,0,100,,2817,11,,,0,101,,2818,11,,,0,98,,2819,11,,,0,100,,2820,11,,,0,98,,2821,11,,,0,124,,2822,11,,,0,100,,2823,11,,,0,93,,2824,11,,,0,107,,2825,11,,,0,154,,2826,11,,,0
