100,'5495',639,,2493,26,,,0,91,,2494,26,,,0,27,,2508,26,,,0,82,,2495,26,,,0,109,,2496,26,,,0,100,,2497,26,,,0,102,,2498,25,,,0,109,,2500,26,,,0,150,,2499,26,,,0,30,,2501,26,,,0,97,,2503,26,,,0,4,,2504,26,,,0,80,,2510,26,,,0,87,,2502,26,,,0,118,,2509,26,,,0,89,,2505,26,,,0,121,,2506,26,,,0,281,,2507,26,,,0
100,'5496',1746,,2511,26,,,0,211,,2514,26,,,0,193,,2512,26,,,0,275,,2513,26,,,0
100,'5497',1746,,2515,26,,,0,211,,2519,26,,,0,193,,2516,26,,,0,275,,2517,26,,,0
100,'5498',738,,2527,26,,,0,100,,2522,26,,,0,102,,2523,26,,,0,101,,2524,26,,,0,100,,2525,26,,,0,101,,2526,26,,,0,102,,2520,26,,,0,100,,2521,26,,,0,100,,2533,26,,,0,100,,2534,26,,,0,100,,2537,26,,,0,99,,2532,26,,,0,108,,2535,26,,,0,99,,2536,26,,,0,103,,2528,26,,,0,150,,2531,26,,,0,113,,2529,26,,,0
100,'5499',834,,2549,26,,,0,107,,2548,26,,,0,101,,2546,26,,,0,100,,2538,26,,,0,102,,2544,26,,,0,100,,2539,26,,,0,100,,2545,26,,,0,100,,2540,26,,,0,100,,2542,26,,,0,100,,2550,26,,,0,99,,2541,26,,,0,108,,2543,26,,,0,99,,2547,26,,,0,99,,2552,26,,,0,105,,2551,26,,,0
200,'5495',636,,2615,23,,,0,109,,2616,23,,,0,67,,2631,23,,,0,26,,2617,23,,,0,20,,2619,23,,,0,147,,2618,23,,,0,110,,2621,23,,,0,107,,2620,23,,,0,106,,2622,23,,,0,105,,2623,23,,,0,100,,2626,23,,,0,87,,2627,23,,,0,34,,2625,23,,,0,74,,2632,23,,,0,75,,2624,23,,,0,199,,2628,23,,,0,109,,2629,23,,,0,107,,2630,23,,,0
200,'5496',1853,,2633,23,,,0,473,,2634,23,,,0
200,'5497',1853,,2635,23,,,0,473,,2636,23,,,0
200,'5498',749,,2650,23,,,0,172,,2644,23,,,0,102,,2646,23,,,0,100,,2645,23,,,0,101,,2647,23,,,0,100,,2648,23,,,0,101,,2649,23,,,0,100,,2638,23,,,0,100,,2639,23,,,0,100,,2655,23,,,0,99,,2640,23,,,0,100,,2641,23,,,0,98,,2642,23,,,0,100,,2643,23,,,0,100,,2652,23,,,0,97,,2651,23,,,0,114,,2653,23,,,0
200,'5499',815,,2666,23,,,0,100,,2667,23,,,0,102,,2665,23,,,0,106,,2656,23,,,0,101,,2660,23,,,0,100,,2658,23,,,0,101,,2663,23,,,0,100,,2657,23,,,0,100,,2662,23,,,0,100,,2668,23,,,0,99,,2659,23,,,0,100,,2664,23,,,0,98,,2661,23,,,0,105,,2671,23,,,0,99,,2670,23,,,0,103,,2669,23,,,0
900,'5495',805,,2801,24,,,0,105,,2803,24,,,0,100,,2802,24,,,0,100,,2805,24,,,0,120,,2804,24,,,0,80,,2807,24,,,0,100,,2806,24,,,0,101,,2808,24,,,0,124,,2810,24,,,0,100,,2809,24,,,0,89,,2811,24,,,0,106,,2812,24,,,0,114,,2813,24,,,0
