100,'5495',635,,2493,20,,,0,91,,2494,20,,,0,27,,2508,20,,,0,82,,2495,20,,,0,109,,2496,20,,,0,100,,2497,20,,,0,102,,2498,19,,,0,109,,2500,20,,,0,150,,2499,20,,,0,30,,2501,20,,,0,97,,2503,20,,,0,4,,2504,20,,,0,80,,2510,20,,,0,87,,2502,20,,,0,118,,2509,20,,,0,89,,2505,20,,,0,121,,2506,20,,,0,281,,2507,20,,,0
100,'5496',1742,,2511,20,,,0,211,,2514,20,,,0,193,,2512,20,,,0,275,,2513,20,,,0
100,'5497',1742,,2515,20,,,0,211,,2519,20,,,0,193,,2516,20,,,0,275,,2517,20,,,0
100,'5498',734,,2527,20,,,0,100,,2522,20,,,0,102,,2523,20,,,0,101,,2524,20,,,0,100,,2525,20,,,0,101,,2526,20,,,0,102,,2520,20,,,0,100,,2521,20,,,0,100,,2533,20,,,0,100,,2534,20,,,0,100,,2537,20,,,0,99,,2532,20,,,0,108,,2535,20,,,0,99,,2536,20,,,0,103,,2528,20,,,0,110,,2531,20,,,0,153,,2529,20,,,0
100,'5499',830,,2549,20,,,0,107,,2548,20,,,0,101,,2546,20,,,0,100,,2538,20,,,0,102,,2544,20,,,0,100,,2539,20,,,0,100,,2545,20,,,0,100,,2540,20,,,0,100,,2542,20,,,0,100,,2550,20,,,0,99,,2541,20,,,0,108,,2543,20,,,0,99,,2547,20,,,0,99,,2552,20,,,0,105,,2551,20,,,0
200,'5495',632,,2615,17,,,0,109,,2616,17,,,0,67,,2631,17,,,0,26,,2617,17,,,0,20,,2619,17,,,0,147,,2618,17,,,0,110,,2621,17,,,0,107,,2620,17,,,0,106,,2622,17,,,0,105,,2623,17,,,0,100,,2626,17,,,0,87,,2627,17,,,0,34,,2625,17,,,0,74,,2632,17,,,0,35,,2624,17,,,0,199,,2628,17,,,0,149,,2629,17,,,0,107,,2630,17,,,0
200,'5496',1849,,2633,17,,,0,473,,2634,17,,,0
200,'5497',1849,,2635,17,,,0,473,,2636,17,,,0
200,'5498',745,,2650,17,,,0,172,,2644,17,,,0,102,,2646,17,,,0,100,,2645,17,,,0,101,,2647,17,,,0,100,,2648,17,,,0,101,,2649,17,,,0,100,,2638,17,,,0,100,,2639,17,,,0,100,,2655,17,,,0,99,,2640,17,,,0,100,,2641,17,,,0,99,,2642,17,,,0,100,,2643,17,,,0,100,,2652,17,,,0,97,,2651,17,,,0,114,,2653,17,,,0
200,'5499',811,,2666,17,,,0,100,,2667,17,,,0,102,,2665,17,,,0,106,,2656,17,,,0,101,,2660,17,,,0,100,,2658,17,,,0,101,,2663,17,,,0,100,,2657,17,,,0,100,,2662,17,,,0,100,,2668,17,,,0,99,,2659,17,,,0,100,,2664,17,,,0,99,,2661,17,,,0,105,,2671,17,,,0,99,,2670,17,,,0,103,,2669,17,,,0
900,'5495',801,,2801,18,,,0,105,,2803,18,,,0,100,,2802,18,,,0,100,,2805,18,,,0,120,,2804,18,,,0,80,,2807,18,,,0,100,,2806,18,,,0,100,,2808,18,,,0,125,,2810,18,,,0,100,,2809,18,,,0,89,,2811,18,,,0,106,,2812,18,,,0,114,,2813,18,,,0
