101,'5495',643,,2554,8,,,0,66,,2568,8,,,0,40,,2555,8,,,0,152,,2556,8,,,0,100,,2558,8,,,0,101,,2557,8,,,0,108,,2559,8,,,0,110,,2560,8,,,0,30,,2561,8,,,0,100,,2562,8,,,0,77,,2570,8,,,0,89,,2563,8,,,0,120,,2569,8,,,0,89,,2565,8,,,0,124,,2566,8,,,0,283,,2567,8,,,0
101,'5496',1518,,2572,8,0,5 6,0,138,,2571,8,,,0,254,,2575,8,,,0,195,,2573,8,,,0,237,,2574,8,,,0
101,'5497',1518,,2577,8,0,5 6,0,138,,2576,8,,,0,254,,2581,8,,,0,195,,2578,8,,,0,237,,2579,8,,,0
101,'5498',653,,2593,8,,,0,100,,2588,8,,,0,101,,2589,8,,,0,100,,2590,8,,,0,100,,2591,8,,,0,101,,2592,8,,,0,100,,2582,8,,,0,100,,2586,8,,,0,100,,2585,8,,,0,100,,2584,8,,,0,100,,2599,8,,,0,99,,2583,8,,,0,150,,2587,8,,,0,99,,2594,8,,,0,105,,2597,8,,,0,110,,2595,8,,,0,115,,2596,8,,,0,95,,2598,8,,,0
101,'5499',749,,2610,8,,,0,106,,2612,8,,,0,100,,2608,8,,,0,100,,2600,8,,,0,102,,2604,8,,,0,98,,2602,8,,,0,100,,2606,8,,,0,100,,2601,8,,,0,100,,2605,8,,,0,100,,2611,8,,,0,99,,2603,8,,,0,150,,2607,8,,,0,99,,2609,8,,,0,101,,2613,8,,,0,105,,2614,8,,,0
201,'5495',657,,2673,8,,,0,71,,2688,8,,,0,25,,2674,8,,,0,60,,2675,8,,,0,107,,2676,8,,,0,110,,2678,8,,,0,105,,2677,8,,,0,106,,2679,8,,,0,105,,2680,8,,,0,100,,2681,8,,,0,85,,2684,8,,,0,75,,2683,8,,,0,35,,2689,8,,,0,75,,2682,8,,,0,199,,2685,8,,,0,105,,2686,8,,,0,108,,2687,8,,,0
201,'5496',1806,,2690,8,,,0,431,,2691,8,,,0
201,'5497',1806,,2692,8,,,0,431,,2693,8,,,0,202,,2694,8,,,0
201,'5498',709,,2707,8,,,0,125,,2701,8,,,0,101,,2702,8,,,0,100,,2703,8,,,0,101,,2704,8,,,0,100,,2705,8,,,0,100,,2706,8,,,0,100,,2695,8,,,0,100,,2696,8,,,0,100,,2712,8,,,0,99,,2697,8,,,0,100,,2698,8,,,0,100,,2699,8,,,0,100,,2700,8,,,0,100,,2710,8,,,0,99,,2708,8,,,0,115,,2709,8,,,0,100,,2711,8,,,0
201,'5499',729,,2723,8,,,0,100,,2724,8,,,0,101,,2722,8,,,0,105,,2715,8,,,0,101,,2716,8,,,0,100,,2714,8,,,0,100,,2718,8,,,0,100,,2713,8,,,0,100,,2719,8,,,0,100,,2725,8,,,0,99,,2720,8,,,0,100,,2721,8,,,0,100,,2717,8,,,0,105,,2727,8,,,0,99,,2728,8,,,0,105,,2726,8,,,0
901,'5495',724,,2814,8,,,0,103,,2815,8,,,0,102,,2816,8,,,0,100,,2817,8,,,0,101,,2818,8,,,0,98,,2819,8,,,0,100,,2820,8,,,0,99,,2821,8,,,0,124,,2822,8,,,0,100,,2823,8,,,0,92,,2824,8,,,0,107,,2825,8,,,0,154,,2826,8,,,0
