101,'5495',654,,2554,22,,,0,66,,2568,22,,,0,80,,2555,22,,,0,112,,2556,22,,,0,100,,2558,22,,,0,101,,2557,22,,,0,108,,2559,22,,,0,110,,2560,22,,,0,70,,2561,22,,,0,58,,2564,2,,,0,42,,2562,22,,,0,39,,2570,22,,,0,88,,2563,22,,,0,119,,2569,22,,,0,89,,2565,22,,,0,123,,2566,22,,,0,283,,2567,22,,,0
101,'5496',1531,,2572,22,0,5 6,0,176,,2571,22,,,0,213,,2575,22,,,0,195,,2573,22,,,0,236,,2574,22,,,0
101,'5497',1531,,2577,22,0,5 6,0,176,,2576,22,,,0,213,,2581,22,,,0,195,,2578,22,,,0,236,,2579,22,,,0
101,'5498',704,,2593,22,,,0,100,,2588,22,,,0,102,,2589,22,,,0,100,,2590,22,,,0,100,,2591,22,,,0,101,,2592,22,,,0,100,,2582,22,,,0,100,,2586,22,,,0,100,,2585,22,,,0,100,,2584,22,,,0,100,,2599,22,,,0,99,,2583,22,,,0,110,,2587,22,,,0,99,,2594,22,,,0,104,,2597,22,,,0,110,,2595,22,,,0,114,,2596,22,,,0,95,,2598,22,,,0
101,'5499',800,,2610,22,,,0,107,,2612,22,,,0,100,,2608,22,,,0,100,,2600,22,,,0,102,,2604,22,,,0,98,,2602,22,,,0,100,,2606,22,,,0,100,,2601,22,,,0,100,,2605,22,,,0,100,,2611,22,,,0,99,,2603,22,,,0,110,,2607,22,,,0,99,,2609,22,,,0,100,,2613,22,,,0,105,,2614,22,,,0
201,'5495',604,,2672,2,,,0,105,,2673,24,,,0,31,,2688,24,,,0,65,,2674,24,,,0,20,,2675,24,,,0,108,,2676,24,,,0,110,,2678,24,,,0,106,,2677,24,,,0,106,,2679,24,,,0,145,,2680,24,,,0,100,,2681,24,,,0,47,,2684,24,,,0,74,,2683,24,,,0,34,,2689,24,,,0,75,,2682,24,,,0,199,,2685,24,,,0,105,,2686,24,,,0,108,,2687,24,,,0
201,'5496',1820,,2690,24,,,0,430,,2691,24,,,0
201,'5497',1820,,2692,24,,,0,430,,2693,24,,,0,201,,2694,24,,,0
201,'5498',720,,2707,24,,,0,127,,2701,24,,,0,101,,2702,24,,,0,100,,2703,24,,,0,101,,2704,24,,,0,100,,2705,24,,,0,101,,2706,24,,,0,100,,2695,24,,,0,100,,2696,24,,,0,100,,2712,24,,,0,99,,2697,24,,,0,100,,2698,24,,,0,99,,2699,24,,,0,100,,2700,24,,,0,100,,2710,24,,,0,99,,2708,24,,,0,154,,2709,24,,,0,99,,2711,24,,,0
201,'5499',742,,2723,24,,,0,100,,2724,24,,,0,101,,2722,24,,,0,105,,2715,24,,,0,101,,2716,24,,,0,100,,2714,24,,,0,101,,2718,24,,,0,100,,2713,24,,,0,100,,2719,24,,,0,100,,2725,24,,,0,99,,2720,24,,,0,100,,2721,24,,,0,99,,2717,24,,,0,105,,2727,24,,,0,99,,2728,24,,,0,105,,2726,24,,,0
401,'5495',810,,2794,9,,,0,37,,2793,9,,,0,599,,2795,9,,,0,257,,2796,9,,,0
401,'5496',1623,,2797,9,,,0
401,'5497',1623,,2799,9,,,0
900,'5495',750,,2801,8,,,0,105,,2803,8,,,0,100,,2802,8,,,0,100,,2805,8,,,0,160,,2804,8,,,0,40,,2807,8,,,0,100,,2806,8,,,0,100,,2808,8,,,0,165,,2810,8,,,0,100,,2809,8,,,0,90,,2811,8,,,0,106,,2812,8,,,0,114,,2813,8,,,0
