200,'5495',616,,2615,1,,,0,109,,2616,1,,,0,27,,2631,1,,,0,65,,2617,1,,,0,20,,2619,1,,,0,108,,2618,1,,,0,110,,2621,1,,,0,146,,2620,1,,,0,106,,2622,1,,,0,105,,2623,1,,,0,100,,2626,1,,,0,47,,2627,1,,,0,74,,2625,1,,,0,74,,2632,1,,,0,35,,2624,1,,,0,199,,2628,1,,,0,109,,2629,1,,,0,108,,2630,1,,,0
200,'5496',1832,,2633,1,,,0,474,,2634,1,,,0
200,'5497',1832,,2635,1,,,0,474,,2636,1,,,0,201,,2637,1,0,5 6,0
200,'5498',730,,2650,1,,,0,172,,2644,1,,,0,101,,2646,1,,,0,100,,2645,1,,,0,101,,2647,1,,,0,100,,2648,1,,,0,101,,2649,1,,,0,100,,2638,1,,,0,100,,2639,1,,,0,100,,2655,1,,,0,99,,2640,1,,,0,100,,2641,1,,,0,99,,2642,1,,,0,100,,2643,1,,,0,100,,2652,1,,,0,98,,2651,1,,,0,114,,2653,1,,,0,99,,2654,1,,,0
200,'5499',756,,2666,1,,,0,100,,2667,1,,,0,101,,2665,1,,,0,146,,2656,1,,,0,101,,2660,1,,,0,100,,2658,1,,,0,101,,2663,1,,,0,100,,2657,1,,,0,100,,2662,1,,,0,100,,2668,1,,,0,99,,2659,1,,,0,100,,2664,1,,,0,99,,2661,1,,,0,105,,2671,1,,,0,99,,2670,1,,,0,104,,2669,1,,,0
201,'5495',616,,2672,15,4,,0,109,,2673,41,4,,0,27,,2688,37,4,,0,65,,2674,37,4,,0,20,,2675,37,4,,0,108,,2676,37,4,,0,110,,2678,37,4,,0,146,,2677,37,4,,0,106,,2679,37,4,,0,105,,2680,37,4,,0,100,,2681,37,4,,0,47,,2684,37,4,,0,74,,2683,37,4,,0,74,,2689,37,4,,0,35,,2682,37,4,,0,199,,2685,37,4,,0,109,,2686,41,4,,0,108,,2687,41,4,,0
201,'5496',1832,,2690,37,4,,0,474,,2691,41,4,,0
201,'5497',1832,,2692,37,4,,0,474,,2693,41,4,,0,201,,2694,41,4,,0
201,'5498',730,,2707,37,4,,0,172,,2701,41,4,,0,101,,2702,41,4,,0,100,,2703,41,4,,0,101,,2704,41,4,,0,100,,2705,41,4,,0,101,,2706,41,4,,0,100,,2695,41,4,,0,100,,2696,41,4,,0,100,,2712,41,4,,0,99,,2697,41,4,,0,100,,2698,41,4,,0,99,,2699,41,4,,0,100,,2700,41,4,,0,100,,2710,41,4,,0,98,,2708,41,4,,0,114,,2709,41,4,,0,99,,2711,41,4,,0
201,'5499',756,,2723,41,4,,0,100,,2724,41,4,,0,101,,2722,41,4,,0,146,,2715,41,4,,0,101,,2716,41,4,,0,100,,2714,41,4,,0,101,,2718,41,4,,0,100,,2713,41,4,,0,100,,2719,41,4,,0,100,,2725,41,4,,0,99,,2720,41,4,,0,100,,2721,41,4,,0,99,,2717,41,4,,0,105,,2727,41,4,,0,99,,2728,41,4,,0,104,,2726,41,4,,0
