100,'5495',637,,2493,23,,,0,91,,2494,23,,,0,27,,2508,23,,,0,82,,2495,23,,,0,109,,2496,23,,,0,100,,2497,23,,,0,102,,2498,22,,,0,109,,2500,23,,,0,150,,2499,23,,,0,30,,2501,23,,,0,97,,2503,23,,,0,4,,2504,23,,,0,80,,2510,23,,,0,87,,2502,23,,,0,118,,2509,23,,,0,89,,2505,23,,,0,121,,2506,23,,,0,281,,2507,23,,,0
100,'5496',1744,,2511,23,,,0,211,,2514,23,,,0,193,,2512,23,,,0,275,,2513,23,,,0
100,'5497',1744,,2515,23,,,0,211,,2519,23,,,0,193,,2516,23,,,0,275,,2517,23,,,0
100,'5498',736,,2527,23,,,0,100,,2522,23,,,0,102,,2523,23,,,0,101,,2524,23,,,0,100,,2525,23,,,0,101,,2526,23,,,0,102,,2520,23,,,0,100,,2521,23,,,0,100,,2533,23,,,0,100,,2534,23,,,0,100,,2537,23,,,0,99,,2532,23,,,0,108,,2535,23,,,0,99,,2536,23,,,0,103,,2528,23,,,0,150,,2531,23,,,0,113,,2529,23,,,0
100,'5499',832,,2549,23,,,0,107,,2548,23,,,0,101,,2546,23,,,0,100,,2538,23,,,0,102,,2544,23,,,0,100,,2539,23,,,0,100,,2545,23,,,0,100,,2540,23,,,0,100,,2542,23,,,0,100,,2550,23,,,0,99,,2541,23,,,0,108,,2543,23,,,0,99,,2547,23,,,0,99,,2552,23,,,0,105,,2551,23,,,0
200,'5495',634,,2615,20,,,0,109,,2616,20,,,0,67,,2631,20,,,0,26,,2617,20,,,0,20,,2619,20,,,0,147,,2618,20,,,0,110,,2621,20,,,0,107,,2620,20,,,0,106,,2622,20,,,0,105,,2623,20,,,0,100,,2626,20,,,0,87,,2627,20,,,0,34,,2625,20,,,0,74,,2632,20,,,0,75,,2624,20,,,0,199,,2628,20,,,0,109,,2629,20,,,0,107,,2630,20,,,0
200,'5496',1851,,2633,20,,,0,473,,2634,20,,,0
200,'5497',1851,,2635,20,,,0,473,,2636,20,,,0
200,'5498',747,,2650,20,,,0,172,,2644,20,,,0,102,,2646,20,,,0,100,,2645,20,,,0,101,,2647,20,,,0,100,,2648,20,,,0,101,,2649,20,,,0,100,,2638,20,,,0,100,,2639,20,,,0,100,,2655,20,,,0,99,,2640,20,,,0,100,,2641,20,,,0,99,,2642,20,,,0,100,,2643,20,,,0,100,,2652,20,,,0,97,,2651,20,,,0,114,,2653,20,,,0
200,'5499',813,,2666,20,,,0,100,,2667,20,,,0,102,,2665,20,,,0,106,,2656,20,,,0,101,,2660,20,,,0,100,,2658,20,,,0,101,,2663,20,,,0,100,,2657,20,,,0,100,,2662,20,,,0,100,,2668,20,,,0,99,,2659,20,,,0,100,,2664,20,,,0,99,,2661,20,,,0,105,,2671,20,,,0,99,,2670,20,,,0,103,,2669,20,,,0
900,'5495',803,,2801,21,,,0,105,,2803,21,,,0,100,,2802,21,,,0,100,,2805,21,,,0,120,,2804,21,,,0,80,,2807,21,,,0,100,,2806,21,,,0,101,,2808,21,,,0,124,,2810,21,,,0,100,,2809,21,,,0,89,,2811,21,,,0,106,,2812,21,,,0,114,,2813,21,,,0
