100,'5495',634,,2493,18,,,0,91,,2494,18,,,0,27,,2508,18,,,0,81,,2495,18,,,0,110,,2496,18,,,0,100,,2497,18,,,0,101,,2498,17,,,0,109,,2500,18,,,0,150,,2499,18,,,0,30,,2501,18,,,0,97,,2503,18,,,0,4,,2504,18,,,0,80,,2510,18,,,0,87,,2502,18,,,0,119,,2509,18,,,0,89,,2505,18,,,0,121,,2506,18,,,0,281,,2507,18,,,0
100,'5496',1740,,2511,18,,,0,212,,2514,18,,,0,193,,2512,18,,,0,275,,2513,18,,,0
100,'5497',1740,,2515,18,,,0,212,,2519,18,,,0,193,,2516,18,,,0,275,,2517,18,,,0
100,'5498',733,,2527,18,,,0,100,,2522,18,,,0,102,,2523,18,,,0,101,,2524,18,,,0,100,,2525,18,,,0,101,,2526,18,,,0,102,,2520,18,,,0,100,,2521,18,,,0,100,,2533,18,,,0,100,,2534,18,,,0,100,,2537,18,,,0,99,,2532,18,,,0,108,,2535,18,,,0,99,,2536,18,,,0,103,,2528,18,,,0,110,,2531,18,,,0,153,,2529,18,,,0
100,'5499',829,,2549,18,,,0,107,,2548,18,,,0,101,,2546,18,,,0,100,,2538,18,,,0,102,,2544,18,,,0,100,,2539,18,,,0,100,,2545,18,,,0,100,,2540,18,,,0,100,,2542,18,,,0,100,,2550,18,,,0,99,,2541,18,,,0,108,,2543,18,,,0,99,,2547,18,,,0,99,,2552,18,,,0,105,,2551,18,,,0
200,'5495',631,,2615,15,,,0,109,,2616,15,,,0,67,,2631,15,,,0,26,,2617,15,,,0,20,,2619,15,,,0,147,,2618,15,,,0,110,,2621,15,,,0,106,,2620,15,,,0,106,,2622,15,,,0,105,,2623,15,,,0,100,,2626,15,,,0,87,,2627,15,,,0,34,,2625,15,,,0,74,,2632,15,,,0,35,,2624,15,,,0,199,,2628,15,,,0,149,,2629,15,,,0,107,,2630,15,,,0
200,'5496',1847,,2633,15,,,0,473,,2634,15,,,0
200,'5497',1847,,2635,15,,,0,473,,2636,15,,,0
200,'5498',744,,2650,15,,,0,172,,2644,15,,,0,102,,2646,15,,,0,100,,2645,15,,,0,101,,2647,15,,,0,100,,2648,15,,,0,101,,2649,15,,,0,100,,2638,15,,,0,100,,2639,15,,,0,100,,2655,15,,,0,99,,2640,15,,,0,100,,2641,15,,,0,99,,2642,15,,,0,100,,2643,15,,,0,100,,2652,15,,,0,97,,2651,15,,,0,114,,2653,15,,,0
200,'5499',810,,2666,15,,,0,100,,2667,15,,,0,102,,2665,15,,,0,106,,2656,15,,,0,101,,2660,15,,,0,100,,2658,15,,,0,101,,2663,15,,,0,100,,2657,15,,,0,100,,2662,15,,,0,100,,2668,15,,,0,99,,2659,15,,,0,100,,2664,15,,,0,99,,2661,15,,,0,105,,2671,15,,,0,99,,2670,15,,,0,103,,2669,15,,,0
900,'5495',800,,2801,16,,,0,105,,2803,16,,,0,100,,2802,16,,,0,100,,2805,16,,,0,120,,2804,16,,,0,80,,2807,16,,,0,100,,2806,16,,,0,100,,2808,16,,,0,125,,2810,16,,,0,100,,2809,16,,,0,89,,2811,16,,,0,106,,2812,16,,,0,114,,2813,16,,,0
