101,'5495',646,,2554,13,,,0,66,,2568,13,,,0,40,,2555,13,,,0,152,,2556,13,,,0,100,,2558,13,,,0,101,,2557,13,,,0,108,,2559,13,,,0,110,,2560,13,,,0,30,,2561,13,,,0,100,,2562,13,,,0,78,,2570,13,,,0,88,,2563,13,,,0,120,,2569,13,,,0,89,,2565,13,,,0,124,,2566,13,,,0,283,,2567,13,,,0
101,'5496',1522,,2572,13,0,5 6,0,137,,2571,13,,,0,254,,2575,13,,,0,195,,2573,13,,,0,237,,2574,13,,,0
101,'5497',1522,,2577,13,0,5 6,0,137,,2576,13,,,0,254,,2581,13,,,0,195,,2578,13,,,0,237,,2579,13,,,0
101,'5498',656,,2593,13,,,0,100,,2588,13,,,0,101,,2589,13,,,0,100,,2590,13,,,0,100,,2591,13,,,0,101,,2592,13,,,0,100,,2582,13,,,0,100,,2586,13,,,0,100,,2585,13,,,0,100,,2584,13,,,0,100,,2599,13,,,0,99,,2583,13,,,0,150,,2587,13,,,0,99,,2594,13,,,0,105,,2597,13,,,0,110,,2595,13,,,0,115,,2596,13,,,0,95,,2598,13,,,0
101,'5499',752,,2610,13,,,0,106,,2612,13,,,0,100,,2608,13,,,0,100,,2600,13,,,0,142,,2604,13,,,0,58,,2602,13,,,0,100,,2606,13,,,0,100,,2601,13,,,0,100,,2605,13,,,0,100,,2611,13,,,0,99,,2603,13,,,0,150,,2607,13,,,0,99,,2609,13,,,0,101,,2613,13,,,0,105,,2614,13,,,0
201,'5495',700,,2673,13,,,0,31,,2688,13,,,0,25,,2674,13,,,0,60,,2675,13,,,0,107,,2676,13,,,0,110,,2678,13,,,0,105,,2677,13,,,0,106,,2679,13,,,0,105,,2680,13,,,0,100,,2681,13,,,0,86,,2684,13,,,0,74,,2683,13,,,0,35,,2689,13,,,0,75,,2682,13,,,0,199,,2685,13,,,0,105,,2686,13,,,0,108,,2687,13,,,0
201,'5496',1809,,2690,13,,,0,431,,2691,13,,,0
201,'5497',1809,,2692,13,,,0,431,,2693,13,,,0,202,,2694,13,,,0
201,'5498',711,,2707,13,,,0,126,,2701,13,,,0,101,,2702,13,,,0,100,,2703,13,,,0,101,,2704,13,,,0,100,,2705,13,,,0,100,,2706,13,,,0,100,,2695,13,,,0,100,,2696,13,,,0,100,,2712,13,,,0,99,,2697,13,,,0,100,,2698,13,,,0,100,,2699,13,,,0,100,,2700,13,,,0,100,,2710,13,,,0,99,,2708,13,,,0,114,,2709,13,,,0,100,,2711,13,,,0
201,'5499',732,,2723,13,,,0,100,,2724,13,,,0,101,,2722,13,,,0,105,,2715,13,,,0,101,,2716,13,,,0,100,,2714,13,,,0,100,,2718,13,,,0,100,,2713,13,,,0,100,,2719,13,,,0,100,,2725,13,,,0,99,,2720,13,,,0,100,,2721,13,,,0,100,,2717,13,,,0,105,,2727,13,,,0,99,,2728,13,,,0,105,,2726,13,,,0
401,'5495',805,,2794,7,,,0,37,,2793,7,,,0,599,,2795,7,,,0,217,,2796,7,,,0
401,'5496',1618,,2797,7,,,0
401,'5497',1618,,2799,7,,,0
901,'5495',727,,2814,13,,,0,103,,2815,13,,,0,102,,2816,13,,,0,100,,2817,13,,,0,101,,2818,13,,,0,98,,2819,13,,,0,100,,2820,13,,,0,99,,2821,13,,,0,124,,2822,13,,,0,100,,2823,13,,,0,92,,2824,13,,,0,107,,2825,13,,,0,154,,2826,13,,,0
