101,'5495',641,,2554,4,,,0,66,,2568,4,,,0,39,,2555,4,,,0,112,,2556,4,,,0,101,,2558,4,,,0,100,,2557,4,,,0,148,,2559,4,,,0,110,,2560,4,,,0,30,,2561,4,,,0,100,,2562,4,,,0,77,,2570,4,,,0,89,,2563,4,,,0,120,,2569,4,,,0,90,,2565,4,,,0,124,,2566,4,,,0,283,,2567,4,,,0
101,'5496',1514,,2572,4,0,5 6,0,139,,2571,4,,,0,255,,2575,4,,,0,195,,2573,4,,,0,237,,2574,4,,,0
101,'5497',1514,,2577,4,0,5 6,0,139,,2576,4,,,0,255,,2581,4,,,0,195,,2578,4,,,0,237,,2579,4,,,0
101,'5498',651,,2593,4,,,0,100,,2588,4,,,0,101,,2589,4,,,0,100,,2590,4,,,0,100,,2591,4,,,0,100,,2592,4,,,0,100,,2582,4,,,0,100,,2586,4,,,0,100,,2585,4,,,0,100,,2584,4,,,0,100,,2599,4,,,0,100,,2583,4,,,0,150,,2587,4,,,0,99,,2594,4,,,0,105,,2597,4,,,0,110,,2595,4,,,0,115,,2596,4,,,0,95,,2598,4,,,0
101,'5499',747,,2610,4,,,0,106,,2612,4,,,0,100,,2608,4,,,0,100,,2600,4,,,0,101,,2604,4,,,0,98,,2602,4,,,0,100,,2606,4,,,0,100,,2601,4,,,0,100,,2605,4,,,0,100,,2611,4,,,0,100,,2603,4,,,0,150,,2607,4,,,0,99,,2609,4,,,0,101,,2613,4,,,0,105,,2614,4,,,0
201,'5495',655,,2673,4,,,0,71,,2688,4,,,0,25,,2674,4,,,0,60,,2675,4,,,0,107,,2676,4,,,0,110,,2678,4,,,0,105,,2677,4,,,0,105,,2679,4,,,0,105,,2680,4,,,0,100,,2681,4,,,0,85,,2684,4,,,0,75,,2683,4,,,0,35,,2689,4,,,0,75,,2682,4,,,0,200,,2685,4,,,0,105,,2686,4,,,0,108,,2687,4,,,0
201,'5496',1803,,2690,4,,,0,432,,2691,4,,,0
201,'5497',1803,,2692,4,,,0,432,,2693,4,,,0,202,,2694,4,,,0
201,'5498',707,,2707,4,,,0,125,,2701,4,,,0,101,,2702,4,,,0,100,,2703,4,,,0,100,,2704,4,,,0,100,,2705,4,,,0,100,,2706,4,,,0,100,,2695,4,,,0,100,,2696,4,,,0,100,,2712,4,,,0,100,,2697,4,,,0,100,,2698,4,,,0,100,,2699,4,,,0,100,,2700,4,,,0,100,,2710,4,,,0,99,,2708,4,,,0,115,,2709,4,,,0,100,,2711,4,,,0
201,'5499',727,,2723,4,,,0,100,,2724,4,,,0,101,,2722,4,,,0,105,,2715,4,,,0,100,,2716,4,,,0,100,,2714,4,,,0,100,,2718,4,,,0,100,,2713,4,,,0,100,,2719,4,,,0,100,,2725,4,,,0,100,,2720,4,,,0,100,,2721,4,,,0,100,,2717,4,,,0,105,,2727,4,,,0,99,,2728,4,,,0,105,,2726,4,,,0
301,'5495',615,,2729,4,0,9,0,32,,2730,4,0,9,0,70,,2731,4,0,9,0,38,,2733,4,0,9,0,65,,2732,4,0,9,0,102,,2735,4,0,9,0,80,,2734,4,0,9,0,101,,2737,4,0,9,0,50,,2736,4,0,9,0,90,,2741,4,0,9,0,100,,2739,4,0,9,0,80,,2738,4,0,9,0,34,,2740,4,0,9,0,72,,2744,4,0,9,0,29,,2748,4,0,9,0,75,,2743,4,0,9,0,75,,2745,4,0,9,0,45,,2742,4,0,9,0,85,,2746,4,0,9,0,95,,2747,4,0,9,0,124,,2749,4,0,9,0,275,,2750,4,0,9,0
301,'5496',2202,,2751,4,0,9,0
301,'5497',2202,,2752,4,0,9,0
301,'5498',642,,2767,4,0,9,0,160,,2760,4,0,9,0,100,,2761,4,0,9,0,100,,2766,4,0,9,0,101,,2762,4,0,9,0,100,,2763,4,0,9,0,100,,2765,4,0,9,0,100,,2757,4,0,9,0,100,,2756,4,0,9,0,100,,2758,4,0,9,0,100,,2754,4,0,9,0,100,,2759,4,0,9,0,100,,2753,4,0,9,0,99,,2755,4,0,9,0,100,,2764,4,0,9,0,100,,2768,4,0,9,0,115,,2769,4,0,9,0
301,'5499',722,,2781,4,0,9,0,134,,2779,4,0,9,0,100,,2771,4,0,9,0,147,,2774,4,0,9,0,100,,2770,4,0,9,0,100,,2772,4,0,9,0,100,,2775,4,0,9,0,100,,2773,4,0,9,0,100,,2776,4,0,9,0,100,,2778,4,0,9,0,100,,2777,4,0,9,0,100,,2780,4,0,9,0,104,,2782,4,0,9,0,100,,2783,4,0,9,0
401,'5495',800,,2794,4,,,0,37,,2793,4,,,0,599,,2795,4,,,0,217,,2796,4,,,0
401,'5496',1613,,2797,4,,,0
401,'5497',1613,,2799,4,,,0
901,'5495',722,,2814,4,,,0,103,,2815,4,,,0,102,,2816,4,,,0,100,,2817,4,,,0,101,,2818,4,,,0,98,,2819,4,,,0,100,,2820,4,,,0,98,,2821,4,,,0,124,,2822,4,,,0,100,,2823,4,,,0,93,,2824,4,,,0,107,,2825,4,,,0,154,,2826,4,,,0
