101,'5495',649,,2554,18,,,0,66,,2568,18,,,0,40,,2555,18,,,0,152,,2556,18,,,0,100,,2558,18,,,0,101,,2557,18,,,0,108,,2559,18,,,0,110,,2560,18,,,0,30,,2561,18,,,0,100,,2562,18,,,0,78,,2570,18,,,0,88,,2563,18,,,0,120,,2569,18,,,0,89,,2565,18,,,0,123,,2566,18,,,0,283,,2567,18,,,0
101,'5496',1525,,2572,18,0,5 6,0,177,,2571,18,,,0,213,,2575,18,,,0,195,,2573,18,,,0,237,,2574,18,,,0
101,'5497',1525,,2577,18,0,5 6,0,177,,2576,18,,,0,213,,2581,18,,,0,195,,2578,18,,,0,237,,2579,18,,,0
101,'5498',658,,2593,18,,,0,100,,2588,18,,,0,142,,2589,18,,,0,100,,2590,18,,,0,100,,2591,18,,,0,101,,2592,18,,,0,100,,2582,18,,,0,100,,2586,18,,,0,100,,2585,18,,,0,100,,2584,18,,,0,100,,2599,18,,,0,99,,2583,18,,,0,110,,2587,18,,,0,99,,2594,18,,,0,104,,2597,18,,,0,110,,2595,18,,,0,115,,2596,18,,,0,95,,2598,18,,,0
101,'5499',754,,2610,18,,,0,147,,2612,18,,,0,100,,2608,18,,,0,100,,2600,18,,,0,102,,2604,18,,,0,98,,2602,18,,,0,100,,2606,18,,,0,100,,2601,18,,,0,100,,2605,18,,,0,100,,2611,18,,,0,99,,2603,18,,,0,110,,2607,18,,,0,99,,2609,18,,,0,100,,2613,18,,,0,105,,2614,18,,,0
201,'5495',702,,2673,18,,,0,31,,2688,18,,,0,25,,2674,18,,,0,60,,2675,18,,,0,108,,2676,18,,,0,110,,2678,18,,,0,105,,2677,18,,,0,106,,2679,18,,,0,105,,2680,18,,,0,100,,2681,18,,,0,86,,2684,18,,,0,74,,2683,18,,,0,35,,2689,18,,,0,75,,2682,18,,,0,199,,2685,18,,,0,105,,2686,18,,,0,108,,2687,18,,,0
201,'5496',1812,,2690,18,,,0,431,,2691,18,,,0
201,'5497',1812,,2692,18,,,0,431,,2693,18,,,0,201,,2694,18,,,0
201,'5498',713,,2707,18,,,0,127,,2701,18,,,0,101,,2702,18,,,0,100,,2703,18,,,0,101,,2704,18,,,0,100,,2705,18,,,0,100,,2706,18,,,0,100,,2695,18,,,0,100,,2696,18,,,0,100,,2712,18,,,0,99,,2697,18,,,0,100,,2698,18,,,0,100,,2699,18,,,0,100,,2700,18,,,0,100,,2710,18,,,0,99,,2708,18,,,0,114,,2709,18,,,0,99,,2711,18,,,0
201,'5499',735,,2723,18,,,0,100,,2724,18,,,0,101,,2722,18,,,0,105,,2715,18,,,0,101,,2716,18,,,0,100,,2714,18,,,0,100,,2718,18,,,0,100,,2713,18,,,0,100,,2719,18,,,0,100,,2725,18,,,0,99,,2720,18,,,0,100,,2721,18,,,0,100,,2717,18,,,0,105,,2727,18,,,0,99,,2728,18,,,0,105,,2726,18,,,0
901,'5495',730,,2814,18,,,0,103,,2815,18,,,0,102,,2816,18,,,0,100,,2817,18,,,0,101,,2818,18,,,0,98,,2819,18,,,0,100,,2820,18,,,0,99,,2821,18,,,0,124,,2822,18,,,0,100,,2823,18,,,0,92,,2824,18,,,0,107,,2825,18,,,0,154,,2826,18,,,0
