101,'5495',653,,2554,21,,,0,66,,2568,21,,,0,40,,2555,21,,,0,152,,2556,21,,,0,100,,2558,21,,,0,101,,2557,21,,,0,108,,2559,21,,,0,110,,2560,21,,,0,70,,2561,21,,,0,58,,2564,1,,,0,42,,2562,21,,,0,39,,2570,21,,,0,88,,2563,21,,,0,119,,2569,21,,,0,89,,2565,21,,,0,123,,2566,21,,,0,283,,2567,21,,,0
101,'5496',1530,,2572,21,0,5 6,0,176,,2571,21,,,0,213,,2575,21,,,0,195,,2573,21,,,0,236,,2574,21,,,0
101,'5497',1530,,2577,21,0,5 6,0,176,,2576,21,,,0,213,,2581,21,,,0,195,,2578,21,,,0,236,,2579,21,,,0
101,'5498',703,,2593,21,,,0,100,,2588,21,,,0,102,,2589,21,,,0,100,,2590,21,,,0,100,,2591,21,,,0,101,,2592,21,,,0,100,,2582,21,,,0,100,,2586,21,,,0,100,,2585,21,,,0,100,,2584,21,,,0,100,,2599,21,,,0,99,,2583,21,,,0,110,,2587,21,,,0,99,,2594,21,,,0,104,,2597,21,,,0,110,,2595,21,,,0,114,,2596,21,,,0,95,,2598,21,,,0
101,'5499',759,,2610,21,,,0,147,,2612,21,,,0,100,,2608,21,,,0,100,,2600,21,,,0,102,,2604,21,,,0,98,,2602,21,,,0,100,,2606,21,,,0,100,,2601,21,,,0,100,,2605,21,,,0,100,,2611,21,,,0,99,,2603,21,,,0,110,,2607,21,,,0,99,,2609,21,,,0,100,,2613,21,,,0,105,,2614,21,,,0
201,'5495',603,,2672,1,,,0,105,,2673,23,,,0,31,,2688,23,,,0,65,,2674,23,,,0,20,,2675,23,,,0,108,,2676,23,,,0,110,,2678,23,,,0,106,,2677,23,,,0,106,,2679,23,,,0,105,,2680,23,,,0,100,,2681,23,,,0,87,,2684,23,,,0,74,,2683,23,,,0,34,,2689,23,,,0,75,,2682,23,,,0,199,,2685,23,,,0,105,,2686,23,,,0,108,,2687,23,,,0
201,'5496',1819,,2690,23,,,0,430,,2691,23,,,0
201,'5497',1819,,2692,23,,,0,430,,2693,23,,,0,201,,2694,23,,,0
201,'5498',719,,2707,23,,,0,127,,2701,23,,,0,101,,2702,23,,,0,100,,2703,23,,,0,101,,2704,23,,,0,100,,2705,23,,,0,101,,2706,23,,,0,100,,2695,23,,,0,100,,2696,23,,,0,100,,2712,23,,,0,99,,2697,23,,,0,100,,2698,23,,,0,99,,2699,23,,,0,100,,2700,23,,,0,100,,2710,23,,,0,99,,2708,23,,,0,154,,2709,23,,,0,59,,2711,23,,,0
201,'5499',741,,2723,23,,,0,100,,2724,23,,,0,101,,2722,23,,,0,105,,2715,23,,,0,101,,2716,23,,,0,100,,2714,23,,,0,101,,2718,23,,,0,100,,2713,23,,,0,100,,2719,23,,,0,100,,2725,23,,,0,99,,2720,23,,,0,100,,2721,23,,,0,99,,2717,23,,,0,105,,2727,23,,,0,99,,2728,23,,,0,105,,2726,23,,,0
401,'5495',809,,2794,8,,,0,37,,2793,8,,,0,599,,2795,8,,,0,257,,2796,8,,,0
401,'5496',1622,,2797,8,,,0
401,'5497',1622,,2799,8,,,0
900,'5495',749,,2801,7,,,0,105,,2803,7,,,0,100,,2802,7,,,0,100,,2805,7,,,0,160,,2804,7,,,0,40,,2807,7,,,0,100,,2806,7,,,0,100,,2808,7,,,0,165,,2810,7,,,0,100,,2809,7,,,0,90,,2811,7,,,0,106,,2812,7,,,0,114,,2813,7,,,0
