101,'5495',647,,2554,15,,,0,66,,2568,15,,,0,40,,2555,15,,,0,152,,2556,15,,,0,100,,2558,15,,,0,101,,2557,15,,,0,108,,2559,15,,,0,110,,2560,15,,,0,30,,2561,15,,,0,100,,2562,15,,,0,78,,2570,15,,,0,88,,2563,15,,,0,120,,2569,15,,,0,89,,2565,15,,,0,124,,2566,15,,,0,283,,2567,15,,,0
101,'5496',1523,,2572,15,0,5 6,0,177,,2571,15,,,0,214,,2575,15,,,0,195,,2573,15,,,0,237,,2574,15,,,0
101,'5497',1523,,2577,15,0,5 6,0,177,,2576,15,,,0,214,,2581,15,,,0,195,,2578,15,,,0,237,,2579,15,,,0
101,'5498',657,,2593,15,,,0,100,,2588,15,,,0,101,,2589,15,,,0,100,,2590,15,,,0,100,,2591,15,,,0,101,,2592,15,,,0,100,,2582,15,,,0,100,,2586,15,,,0,100,,2585,15,,,0,100,,2584,15,,,0,100,,2599,15,,,0,99,,2583,15,,,0,150,,2587,15,,,0,99,,2594,15,,,0,105,,2597,15,,,0,110,,2595,15,,,0,115,,2596,15,,,0,95,,2598,15,,,0
101,'5499',753,,2610,15,,,0,106,,2612,15,,,0,100,,2608,15,,,0,100,,2600,15,,,0,142,,2604,15,,,0,58,,2602,15,,,0,100,,2606,15,,,0,100,,2601,15,,,0,100,,2605,15,,,0,100,,2611,15,,,0,99,,2603,15,,,0,150,,2607,15,,,0,99,,2609,15,,,0,101,,2613,15,,,0,105,,2614,15,,,0
201,'5495',701,,2673,15,,,0,31,,2688,15,,,0,25,,2674,15,,,0,60,,2675,15,,,0,107,,2676,15,,,0,110,,2678,15,,,0,105,,2677,15,,,0,106,,2679,15,,,0,105,,2680,15,,,0,100,,2681,15,,,0,86,,2684,15,,,0,74,,2683,15,,,0,35,,2689,15,,,0,75,,2682,15,,,0,199,,2685,15,,,0,105,,2686,15,,,0,108,,2687,15,,,0
201,'5496',1810,,2690,15,,,0,431,,2691,15,,,0
201,'5497',1810,,2692,15,,,0,431,,2693,15,,,0,202,,2694,15,,,0
201,'5498',712,,2707,15,,,0,126,,2701,15,,,0,101,,2702,15,,,0,100,,2703,15,,,0,101,,2704,15,,,0,100,,2705,15,,,0,100,,2706,15,,,0,100,,2695,15,,,0,100,,2696,15,,,0,100,,2712,15,,,0,99,,2697,15,,,0,100,,2698,15,,,0,100,,2699,15,,,0,100,,2700,15,,,0,100,,2710,15,,,0,99,,2708,15,,,0,114,,2709,15,,,0,100,,2711,15,,,0
201,'5499',733,,2723,15,,,0,100,,2724,15,,,0,101,,2722,15,,,0,105,,2715,15,,,0,101,,2716,15,,,0,100,,2714,15,,,0,100,,2718,15,,,0,100,,2713,15,,,0,100,,2719,15,,,0,100,,2725,15,,,0,99,,2720,15,,,0,100,,2721,15,,,0,100,,2717,15,,,0,105,,2727,15,,,0,99,,2728,15,,,0,105,,2726,15,,,0
901,'5495',728,,2814,15,,,0,103,,2815,15,,,0,102,,2816,15,,,0,100,,2817,15,,,0,101,,2818,15,,,0,98,,2819,15,,,0,100,,2820,15,,,0,99,,2821,15,,,0,124,,2822,15,,,0,100,,2823,15,,,0,92,,2824,15,,,0,107,,2825,15,,,0,154,,2826,15,,,0
