101,'5495',649,,2554,19,,,0,66,,2568,19,,,0,40,,2555,19,,,0,152,,2556,19,,,0,100,,2558,19,,,0,101,,2557,19,,,0,108,,2559,19,,,0,110,,2560,19,,,0,30,,2561,19,,,0,100,,2562,19,,,0,79,,2570,19,,,0,88,,2563,19,,,0,119,,2569,19,,,0,89,,2565,19,,,0,124,,2566,19,,,0,283,,2567,19,,,0
101,'5496',1526,,2572,19,0,5 6,0,176,,2571,19,,,0,214,,2575,19,,,0,195,,2573,19,,,0,236,,2574,19,,,0
101,'5497',1526,,2577,19,0,5 6,0,176,,2576,19,,,0,214,,2581,19,,,0,195,,2578,19,,,0,236,,2579,19,,,0
101,'5498',659,,2593,19,,,0,100,,2588,19,,,0,141,,2589,19,,,0,100,,2590,19,,,0,100,,2591,19,,,0,101,,2592,19,,,0,100,,2582,19,,,0,100,,2586,19,,,0,100,,2585,19,,,0,100,,2584,19,,,0,100,,2599,19,,,0,99,,2583,19,,,0,110,,2587,19,,,0,99,,2594,19,,,0,105,,2597,19,,,0,110,,2595,19,,,0,114,,2596,19,,,0,95,,2598,19,,,0
101,'5499',755,,2610,19,,,0,146,,2612,19,,,0,100,,2608,19,,,0,100,,2600,19,,,0,102,,2604,19,,,0,98,,2602,19,,,0,100,,2606,19,,,0,100,,2601,19,,,0,100,,2605,19,,,0,100,,2611,19,,,0,99,,2603,19,,,0,110,,2607,19,,,0,99,,2609,19,,,0,101,,2613,19,,,0,105,,2614,19,,,0
201,'5495',703,,2673,19,,,0,31,,2688,19,,,0,25,,2674,19,,,0,60,,2675,19,,,0,107,,2676,19,,,0,110,,2678,19,,,0,105,,2677,19,,,0,106,,2679,19,,,0,105,,2680,19,,,0,100,,2681,19,,,0,87,,2684,19,,,0,74,,2683,19,,,0,34,,2689,19,,,0,75,,2682,19,,,0,199,,2685,19,,,0,105,,2686,19,,,0,108,,2687,19,,,0
201,'5496',1812,,2690,19,,,0,431,,2691,19,,,0
201,'5497',1812,,2692,19,,,0,431,,2693,19,,,0,202,,2694,19,,,0
201,'5498',714,,2707,19,,,0,126,,2701,19,,,0,101,,2702,19,,,0,100,,2703,19,,,0,101,,2704,19,,,0,100,,2705,19,,,0,100,,2706,19,,,0,100,,2695,19,,,0,100,,2696,19,,,0,100,,2712,19,,,0,99,,2697,19,,,0,100,,2698,19,,,0,100,,2699,19,,,0,100,,2700,19,,,0,100,,2710,19,,,0,99,,2708,19,,,0,114,,2709,19,,,0,100,,2711,19,,,0
201,'5499',735,,2723,19,,,0,100,,2724,19,,,0,101,,2722,19,,,0,105,,2715,19,,,0,101,,2716,19,,,0,100,,2714,19,,,0,100,,2718,19,,,0,100,,2713,19,,,0,100,,2719,19,,,0,100,,2725,19,,,0,99,,2720,19,,,0,100,,2721,19,,,0,100,,2717,19,,,0,105,,2727,19,,,0,99,,2728,19,,,0,105,,2726,19,,,0
901,'5495',730,,2814,19,,,0,104,,2815,19,,,0,101,,2816,19,,,0,100,,2817,19,,,0,101,,2818,19,,,0,98,,2819,19,,,0,100,,2820,19,,,0,99,,2821,19,,,0,124,,2822,19,,,0,100,,2823,19,,,0,92,,2824,19,,,0,107,,2825,19,,,0,154,,2826,19,,,0
