100,'5495',633,,2493,17,,,0,91,,2494,17,,,0,27,,2508,17,,,0,81,,2495,17,,,0,110,,2496,17,,,0,100,,2497,17,,,0,101,,2498,16,,,0,109,,2500,17,,,0,150,,2499,17,,,0,30,,2501,17,,,0,97,,2503,17,,,0,4,,2504,17,,,0,80,,2510,17,,,0,87,,2502,17,,,0,119,,2509,17,,,0,89,,2505,17,,,0,121,,2506,17,,,0,282,,2507,17,,,0
100,'5496',1739,,2511,17,,,0,212,,2514,17,,,0,193,,2512,17,,,0,276,,2513,17,,,0
100,'5497',1739,,2515,17,,,0,212,,2519,17,,,0,193,,2516,17,,,0,276,,2517,17,,,0
100,'5498',732,,2527,17,,,0,100,,2522,17,,,0,102,,2523,17,,,0,101,,2524,17,,,0,100,,2525,17,,,0,101,,2526,17,,,0,102,,2520,17,,,0,100,,2521,17,,,0,100,,2533,17,,,0,100,,2534,17,,,0,100,,2537,17,,,0,99,,2532,17,,,0,108,,2535,17,,,0,99,,2536,17,,,0,103,,2528,17,,,0,110,,2531,17,,,0,154,,2529,17,,,0
100,'5499',828,,2549,17,,,0,107,,2548,17,,,0,101,,2546,17,,,0,100,,2538,17,,,0,102,,2544,17,,,0,100,,2539,17,,,0,100,,2545,17,,,0,100,,2540,17,,,0,100,,2542,17,,,0,100,,2550,17,,,0,99,,2541,17,,,0,108,,2543,17,,,0,99,,2547,17,,,0,99,,2552,17,,,0,105,,2551,17,,,0
200,'5495',630,,2615,14,,,0,109,,2616,14,,,0,67,,2631,14,,,0,26,,2617,14,,,0,20,,2619,14,,,0,107,,2618,14,,,0,150,,2621,14,,,0,106,,2620,14,,,0,106,,2622,14,,,0,105,,2623,14,,,0,100,,2626,14,,,0,87,,2627,14,,,0,34,,2625,14,,,0,74,,2632,14,,,0,35,,2624,14,,,0,199,,2628,14,,,0,149,,2629,14,,,0,107,,2630,14,,,0
200,'5496',1846,,2633,14,,,0,473,,2634,14,,,0
200,'5497',1846,,2635,14,,,0,473,,2636,14,,,0
200,'5498',744,,2650,14,,,0,172,,2644,14,,,0,101,,2646,14,,,0,100,,2645,14,,,0,101,,2647,14,,,0,100,,2648,14,,,0,101,,2649,14,,,0,100,,2638,14,,,0,100,,2639,14,,,0,100,,2655,14,,,0,99,,2640,14,,,0,100,,2641,14,,,0,99,,2642,14,,,0,100,,2643,14,,,0,100,,2652,14,,,0,97,,2651,14,,,0,114,,2653,14,,,0
200,'5499',810,,2666,14,,,0,100,,2667,14,,,0,101,,2665,14,,,0,106,,2656,14,,,0,101,,2660,14,,,0,100,,2658,14,,,0,101,,2663,14,,,0,100,,2657,14,,,0,100,,2662,14,,,0,100,,2668,14,,,0,99,,2659,14,,,0,100,,2664,14,,,0,99,,2661,14,,,0,105,,2671,14,,,0,99,,2670,14,,,0,103,,2669,14,,,0
900,'5495',759,,2801,15,,,0,145,,2803,15,,,0,100,,2802,15,,,0,100,,2805,15,,,0,120,,2804,15,,,0,80,,2807,15,,,0,100,,2806,15,,,0,100,,2808,15,,,0,125,,2810,15,,,0,100,,2809,15,,,0,90,,2811,15,,,0,106,,2812,15,,,0,114,,2813,15,,,0
