100,'5495',631,,2493,16,,,0,91,,2494,16,,,0,27,,2508,16,,,0,81,,2495,16,,,0,110,,2496,16,,,0,100,,2497,16,,,0,101,,2498,15,,,0,109,,2500,16,,,0,150,,2499,16,,,0,30,,2501,16,,,0,97,,2503,16,,,0,4,,2504,16,,,0,80,,2510,16,,,0,47,,2502,16,,,0,159,,2509,16,,,0,89,,2505,16,,,0,121,,2506,16,,,0,282,,2507,16,,,0
100,'5496',1737,,2511,16,,,0,212,,2514,16,,,0,193,,2512,16,,,0,276,,2513,16,,,0
100,'5497',1737,,2515,16,,,0,212,,2519,16,,,0,193,,2516,16,,,0,276,,2517,16,,,0
100,'5498',730,,2527,16,,,0,100,,2522,16,,,0,102,,2523,16,,,0,101,,2524,16,,,0,100,,2525,16,,,0,101,,2526,16,,,0,102,,2520,16,,,0,100,,2521,16,,,0,100,,2533,16,,,0,100,,2534,16,,,0,100,,2537,16,,,0,99,,2532,16,,,0,108,,2535,16,,,0,99,,2536,16,,,0,103,,2528,16,,,0,110,,2531,16,,,0,154,,2529,16,,,0
100,'5499',826,,2549,16,,,0,107,,2548,16,,,0,101,,2546,16,,,0,100,,2538,16,,,0,102,,2544,16,,,0,100,,2539,16,,,0,100,,2545,16,,,0,100,,2540,16,,,0,100,,2542,16,,,0,100,,2550,16,,,0,99,,2541,16,,,0,108,,2543,16,,,0,99,,2547,16,,,0,99,,2552,16,,,0,105,,2551,16,,,0
101,'5495',651,,2554,20,,,0,66,,2568,20,,,0,40,,2555,20,,,0,152,,2556,20,,,0,100,,2558,20,,,0,101,,2557,20,,,0,108,,2559,20,,,0,110,,2560,20,,,0,30,,2561,20,,,0,100,,2562,20,,,0,79,,2570,20,,,0,88,,2563,20,,,0,119,,2569,20,,,0,89,,2565,20,,,0,123,,2566,20,,,0,283,,2567,20,,,0
101,'5496',1528,,2572,20,0,5 6,0,176,,2571,20,,,0,213,,2575,20,,,0,195,,2573,20,,,0,236,,2574,20,,,0
101,'5497',1528,,2577,20,0,5 6,0,176,,2576,20,,,0,213,,2581,20,,,0,195,,2578,20,,,0,236,,2579,20,,,0
101,'5498',700,,2593,20,,,0,100,,2588,20,,,0,102,,2589,20,,,0,100,,2590,20,,,0,100,,2591,20,,,0,101,,2592,20,,,0,100,,2582,20,,,0,100,,2586,20,,,0,100,,2585,20,,,0,100,,2584,20,,,0,100,,2599,20,,,0,99,,2583,20,,,0,110,,2587,20,,,0,99,,2594,20,,,0,104,,2597,20,,,0,110,,2595,20,,,0,114,,2596,20,,,0,95,,2598,20,,,0
101,'5499',756,,2610,20,,,0,147,,2612,20,,,0,100,,2608,20,,,0,100,,2600,20,,,0,102,,2604,20,,,0,98,,2602,20,,,0,100,,2606,20,,,0,100,,2601,20,,,0,100,,2605,20,,,0,100,,2611,20,,,0,99,,2603,20,,,0,110,,2607,20,,,0,99,,2609,20,,,0,100,,2613,20,,,0,105,,2614,20,,,0
200,'5495',628,,2615,13,,,0,109,,2616,13,,,0,67,,2631,13,,,0,26,,2617,13,,,0,20,,2619,13,,,0,107,,2618,13,,,0,150,,2621,13,,,0,106,,2620,13,,,0,106,,2622,13,,,0,105,,2623,13,,,0,100,,2626,13,,,0,87,,2627,13,,,0,34,,2625,13,,,0,74,,2632,13,,,0,35,,2624,13,,,0,199,,2628,13,,,0,149,,2629,13,,,0,107,,2630,13,,,0
200,'5496',1844,,2633,13,,,0,473,,2634,13,,,0
200,'5497',1844,,2635,13,,,0,473,,2636,13,,,0
200,'5498',742,,2650,13,,,0,172,,2644,13,,,0,101,,2646,13,,,0,100,,2645,13,,,0,101,,2647,13,,,0,100,,2648,13,,,0,101,,2649,13,,,0,100,,2638,13,,,0,100,,2639,13,,,0,100,,2655,13,,,0,99,,2640,13,,,0,100,,2641,13,,,0,99,,2642,13,,,0,100,,2643,13,,,0,100,,2652,13,,,0,97,,2651,13,,,0,114,,2653,13,,,0
200,'5499',808,,2666,13,,,0,100,,2667,13,,,0,101,,2665,13,,,0,106,,2656,13,,,0,101,,2660,13,,,0,100,,2658,13,,,0,101,,2663,13,,,0,100,,2657,13,,,0,100,,2662,13,,,0,100,,2668,13,,,0,99,,2659,13,,,0,100,,2664,13,,,0,99,,2661,13,,,0,105,,2671,13,,,0,99,,2670,13,,,0,103,,2669,13,,,0
201,'5495',704,,2673,20,,,0,31,,2688,20,,,0,65,,2674,20,,,0,20,,2675,20,,,0,108,,2676,20,,,0,110,,2678,20,,,0,105,,2677,20,,,0,106,,2679,20,,,0,105,,2680,20,,,0,100,,2681,20,,,0,87,,2684,20,,,0,74,,2683,20,,,0,34,,2689,20,,,0,75,,2682,20,,,0,199,,2685,20,,,0,105,,2686,20,,,0,108,,2687,20,,,0
201,'5496',1814,,2690,20,,,0,431,,2691,20,,,0
201,'5497',1814,,2692,20,,,0,431,,2693,20,,,0,201,,2694,20,,,0
201,'5498',715,,2707,20,,,0,127,,2701,20,,,0,101,,2702,20,,,0,100,,2703,20,,,0,101,,2704,20,,,0,100,,2705,20,,,0,100,,2706,20,,,0,100,,2695,20,,,0,100,,2696,20,,,0,100,,2712,20,,,0,99,,2697,20,,,0,100,,2698,20,,,0,100,,2699,20,,,0,100,,2700,20,,,0,100,,2710,20,,,0,99,,2708,20,,,0,114,,2709,20,,,0,99,,2711,20,,,0
201,'5499',737,,2723,20,,,0,100,,2724,20,,,0,101,,2722,20,,,0,105,,2715,20,,,0,101,,2716,20,,,0,100,,2714,20,,,0,100,,2718,20,,,0,100,,2713,20,,,0,100,,2719,20,,,0,100,,2725,20,,,0,99,,2720,20,,,0,100,,2721,20,,,0,100,,2717,20,,,0,105,,2727,20,,,0,99,,2728,20,,,0,105,,2726,20,,,0
900,'5495',757,,2801,14,,,0,145,,2803,14,,,0,100,,2802,14,,,0,100,,2805,14,,,0,120,,2804,14,,,0,80,,2807,14,,,0,100,,2806,14,,,0,100,,2808,14,,,0,125,,2810,14,,,0,100,,2809,14,,,0,90,,2811,14,,,0,106,,2812,14,,,0,114,,2813,14,,,0
901,'5495',732,,2814,20,,,0,104,,2815,20,,,0,101,,2816,20,,,0,100,,2817,20,,,0,101,,2818,20,,,0,98,,2819,20,,,0,100,,2820,20,,,0,99,,2821,20,,,0,124,,2822,20,,,0,100,,2823,20,,,0,92,,2824,20,,,0,107,,2825,20,,,0,154,,2826,20,,,0
