101,'5495',642,,2554,5,,,0,66,,2568,5,,,0,39,,2555,5,,,0,112,,2556,5,,,0,141,,2558,5,,,0,100,,2557,5,,,0,108,,2559,5,,,0,110,,2560,5,,,0,30,,2561,5,,,0,100,,2562,5,,,0,77,,2570,5,,,0,89,,2563,5,,,0,120,,2569,5,,,0,90,,2565,5,,,0,124,,2566,5,,,0,283,,2567,5,,,0
101,'5496',1515,,2572,5,0,5 6,0,139,,2571,5,,,0,255,,2575,5,,,0,195,,2573,5,,,0,237,,2574,5,,,0
101,'5497',1515,,2577,5,0,5 6,0,139,,2576,5,,,0,255,,2581,5,,,0,195,,2578,5,,,0,237,,2579,5,,,0
101,'5498',652,,2593,5,,,0,100,,2588,5,,,0,101,,2589,5,,,0,100,,2590,5,,,0,100,,2591,5,,,0,100,,2592,5,,,0,100,,2582,5,,,0,100,,2586,5,,,0,100,,2585,5,,,0,100,,2584,5,,,0,100,,2599,5,,,0,100,,2583,5,,,0,150,,2587,5,,,0,99,,2594,5,,,0,105,,2597,5,,,0,110,,2595,5,,,0,115,,2596,5,,,0,95,,2598,5,,,0
101,'5499',748,,2610,5,,,0,106,,2612,5,,,0,100,,2608,5,,,0,100,,2600,5,,,0,101,,2604,5,,,0,98,,2602,5,,,0,100,,2606,5,,,0,100,,2601,5,,,0,100,,2605,5,,,0,100,,2611,5,,,0,100,,2603,5,,,0,150,,2607,5,,,0,99,,2609,5,,,0,101,,2613,5,,,0,105,,2614,5,,,0
201,'5495',656,,2673,5,,,0,71,,2688,5,,,0,25,,2674,5,,,0,60,,2675,5,,,0,107,,2676,5,,,0,110,,2678,5,,,0,105,,2677,5,,,0,105,,2679,5,,,0,105,,2680,5,,,0,100,,2681,5,,,0,85,,2684,5,,,0,75,,2683,5,,,0,35,,2689,5,,,0,75,,2682,5,,,0,200,,2685,5,,,0,105,,2686,5,,,0,108,,2687,5,,,0
201,'5496',1804,,2690,5,,,0,432,,2691,5,,,0
201,'5497',1804,,2692,5,,,0,432,,2693,5,,,0,202,,2694,5,,,0
201,'5498',708,,2707,5,,,0,125,,2701,5,,,0,101,,2702,5,,,0,100,,2703,5,,,0,100,,2704,5,,,0,100,,2705,5,,,0,100,,2706,5,,,0,100,,2695,5,,,0,100,,2696,5,,,0,100,,2712,5,,,0,100,,2697,5,,,0,100,,2698,5,,,0,100,,2699,5,,,0,100,,2700,5,,,0,100,,2710,5,,,0,99,,2708,5,,,0,115,,2709,5,,,0,100,,2711,5,,,0
201,'5499',728,,2723,5,,,0,100,,2724,5,,,0,101,,2722,5,,,0,105,,2715,5,,,0,100,,2716,5,,,0,100,,2714,5,,,0,100,,2718,5,,,0,100,,2713,5,,,0,100,,2719,5,,,0,100,,2725,5,,,0,100,,2720,5,,,0,100,,2721,5,,,0,100,,2717,5,,,0,105,,2727,5,,,0,99,,2728,5,,,0,105,,2726,5,,,0
901,'5495',723,,2814,5,,,0,103,,2815,5,,,0,102,,2816,5,,,0,100,,2817,5,,,0,101,,2818,5,,,0,98,,2819,5,,,0,100,,2820,5,,,0,98,,2821,5,,,0,124,,2822,5,,,0,100,,2823,5,,,0,93,,2824,5,,,0,107,,2825,5,,,0,154,,2826,5,,,0
