100,'5495',626,,2493,13,,,0,90,,2494,13,,,0,27,,2508,13,,,0,81,,2495,13,,,0,110,,2496,13,,,0,100,,2497,13,,,0,101,,2498,12,,,0,109,,2500,13,,,0,110,,2499,13,,,0,70,,2501,13,,,0,97,,2503,13,,,0,4,,2504,13,,,0,80,,2510,13,,,0,47,,2502,13,,,0,159,,2509,13,,,0,89,,2505,13,,,0,122,,2506,13,,,0,282,,2507,13,,,0
100,'5496',1731,,2511,13,,,0,212,,2514,13,,,0,194,,2512,13,,,0,276,,2513,13,,,0
100,'5497',1731,,2515,13,,,0,212,,2519,13,,,0,194,,2516,13,,,0,276,,2517,13,,,0,120,,2518,13,0,5 6,0
100,'5498',724,,2527,13,,,0,100,,2522,13,,,0,102,,2523,13,,,0,101,,2524,13,,,0,100,,2525,13,,,0,101,,2526,13,,,0,102,,2520,13,,,0,100,,2521,13,,,0,100,,2533,13,,,0,100,,2534,13,,,0,100,,2537,13,,,0,99,,2532,13,,,0,109,,2535,13,,,0,99,,2536,13,,,0,104,,2528,13,,,0,110,,2531,13,,,0,154,,2529,13,,,0,54,,2530,13,0,5 6,0
100,'5499',820,,2549,13,,,0,107,,2548,13,,,0,101,,2546,13,,,0,100,,2538,13,,,0,102,,2544,13,,,0,100,,2539,13,,,0,100,,2545,13,,,0,100,,2540,13,,,0,100,,2542,13,,,0,100,,2550,13,,,0,99,,2541,13,,,0,109,,2543,13,,,0,99,,2547,13,,,0,100,,2552,13,,,0,105,,2551,13,,,0
200,'5495',621,,2615,8,,,0,109,,2616,8,,,0,27,,2631,8,,,0,65,,2617,8,,,0,20,,2619,8,,,0,108,,2618,8,,,0,150,,2621,8,,,0,106,,2620,8,,,0,106,,2622,8,,,0,105,,2623,8,,,0,100,,2626,8,,,0,87,,2627,8,,,0,34,,2625,8,,,0,74,,2632,8,,,0,35,,2624,8,,,0,199,,2628,8,,,0,109,,2629,8,,,0,148,,2630,8,,,0
200,'5496',1837,,2633,8,,,0,474,,2634,8,,,0
200,'5497',1837,,2635,8,,,0,474,,2636,8,,,0
200,'5498',733,,2650,8,,,0,172,,2644,8,,,0,101,,2646,8,,,0,100,,2645,8,,,0,101,,2647,8,,,0,100,,2648,8,,,0,101,,2649,8,,,0,100,,2638,8,,,0,100,,2639,8,,,0,100,,2655,8,,,0,99,,2640,8,,,0,100,,2641,8,,,0,99,,2642,8,,,0,100,,2643,8,,,0,100,,2652,8,,,0,98,,2651,8,,,0,114,,2653,8,,,0,99,,2654,8,,,0
200,'5499',759,,2666,8,,,0,100,,2667,8,,,0,141,,2665,8,,,0,106,,2656,8,,,0,101,,2660,8,,,0,100,,2658,8,,,0,101,,2663,8,,,0,100,,2657,8,,,0,100,,2662,8,,,0,100,,2668,8,,,0,99,,2659,8,,,0,100,,2664,8,,,0,99,,2661,8,,,0,105,,2671,8,,,0,99,,2670,8,,,0,104,,2669,8,,,0
400,'5495',738,,2784,7,,,0,80,,2785,7,,,0,37,,2786,7,,,0,599,,2787,7,,,0,257,,2788,7,,,0
400,'5496',1551,,2790,7,,,0,80,,2789,7,,,0
400,'5497',1551,,2792,7,,,0,80,,2791,7,,,0
901,'5495',737,,2814,25,,,0,104,,2815,25,,,0,101,,2816,25,,,0,100,,2817,25,,,0,101,,2818,25,,,0,98,,2819,25,,,0,100,,2820,25,,,0,100,,2821,25,,,0,164,,2822,25,,,0,100,,2823,25,,,0,51,,2824,25,,,0,147,,2825,25,,,0,114,,2826,25,,,0
