101,'5495',640,,2554,3,,,0,66,,2568,3,,,0,39,,2555,3,,,0,112,,2556,3,,,0,101,,2558,3,,,0,100,,2557,3,,,0,148,,2559,3,,,0,110,,2560,3,,,0,30,,2561,3,,,0,100,,2562,3,,,0,77,,2570,3,,,0,89,,2563,3,,,0,120,,2569,3,,,0,90,,2565,3,,,0,124,,2566,3,,,0,283,,2567,3,,,0
101,'5496',1513,,2572,3,0,5 6,0,139,,2571,3,,,0,255,,2575,3,,,0,195,,2573,3,,,0,237,,2574,3,,,0
101,'5497',1513,,2577,3,0,5 6,0,139,,2576,3,,,0,255,,2581,3,,,0,195,,2578,3,,,0,237,,2579,3,,,0
101,'5498',650,,2593,3,,,0,100,,2588,3,,,0,101,,2589,3,,,0,100,,2590,3,,,0,100,,2591,3,,,0,100,,2592,3,,,0,100,,2582,3,,,0,100,,2586,3,,,0,100,,2585,3,,,0,100,,2584,3,,,0,100,,2599,3,,,0,100,,2583,3,,,0,150,,2587,3,,,0,99,,2594,3,,,0,105,,2597,3,,,0,110,,2595,3,,,0,115,,2596,3,,,0,95,,2598,3,,,0
101,'5499',746,,2610,3,,,0,106,,2612,3,,,0,100,,2608,3,,,0,100,,2600,3,,,0,101,,2604,3,,,0,98,,2602,3,,,0,100,,2606,3,,,0,100,,2601,3,,,0,100,,2605,3,,,0,100,,2611,3,,,0,100,,2603,3,,,0,150,,2607,3,,,0,99,,2609,3,,,0,101,,2613,3,,,0,105,,2614,3,,,0
201,'5495',654,,2673,3,,,0,71,,2688,3,,,0,25,,2674,3,,,0,60,,2675,3,,,0,107,,2676,3,,,0,110,,2678,3,,,0,105,,2677,3,,,0,105,,2679,3,,,0,105,,2680,3,,,0,100,,2681,3,,,0,85,,2684,3,,,0,75,,2683,3,,,0,35,,2689,3,,,0,75,,2682,3,,,0,200,,2685,3,,,0,105,,2686,3,,,0,108,,2687,3,,,0
201,'5496',1802,,2690,3,,,0,432,,2691,3,,,0
201,'5497',1802,,2692,3,,,0,432,,2693,3,,,0,202,,2694,3,,,0
201,'5498',706,,2707,3,,,0,125,,2701,3,,,0,101,,2702,3,,,0,100,,2703,3,,,0,100,,2704,3,,,0,100,,2705,3,,,0,100,,2706,3,,,0,100,,2695,3,,,0,100,,2696,3,,,0,100,,2712,3,,,0,100,,2697,3,,,0,100,,2698,3,,,0,100,,2699,3,,,0,100,,2700,3,,,0,100,,2710,3,,,0,99,,2708,3,,,0,115,,2709,3,,,0,100,,2711,3,,,0
201,'5499',726,,2723,3,,,0,100,,2724,3,,,0,101,,2722,3,,,0,105,,2715,3,,,0,100,,2716,3,,,0,100,,2714,3,,,0,100,,2718,3,,,0,100,,2713,3,,,0,100,,2719,3,,,0,100,,2725,3,,,0,100,,2720,3,,,0,100,,2721,3,,,0,100,,2717,3,,,0,105,,2727,3,,,0,99,,2728,3,,,0,105,,2726,3,,,0
301,'5495',615,,2729,3,0,9,0,32,,2730,3,0,9,0,70,,2731,3,0,9,0,38,,2733,3,0,9,0,65,,2732,3,0,9,0,102,,2735,3,0,9,0,80,,2734,3,0,9,0,100,,2737,3,0,9,0,50,,2736,3,0,9,0,90,,2741,3,0,9,0,100,,2739,3,0,9,0,80,,2738,3,0,9,0,34,,2740,3,0,9,0,72,,2744,3,0,9,0,29,,2748,3,0,9,0,75,,2743,3,0,9,0,75,,2745,3,0,9,0,45,,2742,3,0,9,0,85,,2746,3,0,9,0,95,,2747,3,0,9,0,125,,2749,3,0,9,0,275,,2750,3,0,9,0
301,'5496',2202,,2751,3,0,9,0
301,'5497',2202,,2752,3,0,9,0
301,'5498',642,,2767,3,0,9,0,160,,2760,3,0,9,0,100,,2761,3,0,9,0,100,,2766,3,0,9,0,100,,2762,3,0,9,0,100,,2763,3,0,9,0,100,,2765,3,0,9,0,100,,2757,3,0,9,0,100,,2756,3,0,9,0,100,,2758,3,0,9,0,100,,2754,3,0,9,0,100,,2759,3,0,9,0,100,,2753,3,0,9,0,100,,2755,3,0,9,0,100,,2764,3,0,9,0,100,,2768,3,0,9,0,115,,2769,3,0,9,0
301,'5499',722,,2781,3,0,9,0,134,,2779,3,0,9,0,100,,2771,3,0,9,0,146,,2774,3,0,9,0,100,,2770,3,0,9,0,100,,2772,3,0,9,0,100,,2775,3,0,9,0,100,,2773,3,0,9,0,100,,2776,3,0,9,0,100,,2778,3,0,9,0,100,,2777,3,0,9,0,100,,2780,3,0,9,0,105,,2782,3,0,9,0,100,,2783,3,0,9,0
401,'5495',800,,2794,3,,,0,37,,2793,3,,,0,598,,2795,3,,,0,217,,2796,3,,,0
401,'5496',1612,,2797,3,,,0
401,'5497',1612,,2799,3,,,0
901,'5495',721,,2814,3,,,0,103,,2815,3,,,0,102,,2816,3,,,0,100,,2817,3,,,0,101,,2818,3,,,0,98,,2819,3,,,0,100,,2820,3,,,0,98,,2821,3,,,0,124,,2822,3,,,0,100,,2823,3,,,0,93,,2824,3,,,0,107,,2825,3,,,0,154,,2826,3,,,0
