100,'5495',638,,2493,24,,,0,91,,2494,24,,,0,27,,2508,24,,,0,82,,2495,24,,,0,109,,2496,24,,,0,100,,2497,24,,,0,102,,2498,23,,,0,109,,2500,24,,,0,150,,2499,24,,,0,30,,2501,24,,,0,97,,2503,24,,,0,4,,2504,24,,,0,80,,2510,24,,,0,87,,2502,24,,,0,118,,2509,24,,,0,89,,2505,24,,,0,121,,2506,24,,,0,281,,2507,24,,,0
100,'5496',1745,,2511,24,,,0,211,,2514,24,,,0,193,,2512,24,,,0,275,,2513,24,,,0
100,'5497',1745,,2515,24,,,0,211,,2519,24,,,0,193,,2516,24,,,0,275,,2517,24,,,0
100,'5498',737,,2527,24,,,0,100,,2522,24,,,0,102,,2523,24,,,0,101,,2524,24,,,0,100,,2525,24,,,0,101,,2526,24,,,0,102,,2520,24,,,0,100,,2521,24,,,0,100,,2533,24,,,0,100,,2534,24,,,0,100,,2537,24,,,0,99,,2532,24,,,0,108,,2535,24,,,0,99,,2536,24,,,0,103,,2528,24,,,0,150,,2531,24,,,0,113,,2529,24,,,0
100,'5499',833,,2549,24,,,0,107,,2548,24,,,0,101,,2546,24,,,0,100,,2538,24,,,0,102,,2544,24,,,0,100,,2539,24,,,0,100,,2545,24,,,0,100,,2540,24,,,0,100,,2542,24,,,0,100,,2550,24,,,0,99,,2541,24,,,0,108,,2543,24,,,0,99,,2547,24,,,0,99,,2552,24,,,0,105,,2551,24,,,0
200,'5495',635,,2615,21,,,0,109,,2616,21,,,0,67,,2631,21,,,0,26,,2617,21,,,0,20,,2619,21,,,0,147,,2618,21,,,0,110,,2621,21,,,0,107,,2620,21,,,0,106,,2622,21,,,0,105,,2623,21,,,0,100,,2626,21,,,0,87,,2627,21,,,0,34,,2625,21,,,0,74,,2632,21,,,0,75,,2624,21,,,0,199,,2628,21,,,0,109,,2629,21,,,0,107,,2630,21,,,0
200,'5496',1852,,2633,21,,,0,473,,2634,21,,,0
200,'5497',1852,,2635,21,,,0,473,,2636,21,,,0
200,'5498',748,,2650,21,,,0,172,,2644,21,,,0,102,,2646,21,,,0,100,,2645,21,,,0,101,,2647,21,,,0,100,,2648,21,,,0,101,,2649,21,,,0,100,,2638,21,,,0,100,,2639,21,,,0,100,,2655,21,,,0,99,,2640,21,,,0,100,,2641,21,,,0,98,,2642,21,,,0,100,,2643,21,,,0,100,,2652,21,,,0,97,,2651,21,,,0,114,,2653,21,,,0
200,'5499',814,,2666,21,,,0,100,,2667,21,,,0,102,,2665,21,,,0,106,,2656,21,,,0,101,,2660,21,,,0,100,,2658,21,,,0,101,,2663,21,,,0,100,,2657,21,,,0,100,,2662,21,,,0,100,,2668,21,,,0,99,,2659,21,,,0,100,,2664,21,,,0,98,,2661,21,,,0,105,,2671,21,,,0,99,,2670,21,,,0,103,,2669,21,,,0
900,'5495',804,,2801,22,,,0,105,,2803,22,,,0,100,,2802,22,,,0,100,,2805,22,,,0,120,,2804,22,,,0,80,,2807,22,,,0,100,,2806,22,,,0,100,,2808,22,,,0,125,,2810,22,,,0,100,,2809,22,,,0,89,,2811,22,,,0,106,,2812,22,,,0,114,,2813,22,,,0
