100,'5495',616,,2493,1,,,0,89,,2494,1,,,0,27,,2508,1,,,0,81,,2495,1,,,0,111,,2496,1,,,0,100,,2497,1,,,0,210,,2500,1,,,0,110,,2499,1,,,0,70,,2501,1,,,0,100,,2504,1,,,0,41,,2510,1,,,0,87,,2502,1,,,0,159,,2509,1,,,0,49,,2505,1,,,0,162,,2506,1,,,0,242,,2507,1,,,0
100,'5496',1721,,2511,1,,,0,212,,2514,1,,,0,194,,2512,1,,,0,276,,2513,1,,,0
100,'5497',1721,,2515,1,,,0,212,,2519,1,,,0,194,,2516,1,,,0,276,,2517,1,,,0,120,,2518,1,0,5 6,0
100,'5498',714,,2527,1,,,0,100,,2522,1,,,0,102,,2523,1,,,0,101,,2524,1,,,0,100,,2525,1,,,0,101,,2526,1,,,0,102,,2520,1,,,0,100,,2521,1,,,0,100,,2533,1,,,0,100,,2534,1,,,0,100,,2537,1,,,0,99,,2532,1,,,0,109,,2535,1,,,0,99,,2536,1,,,0,104,,2528,1,,,0,110,,2531,1,,,0,114,,2529,1,,,0,94,,2530,1,0,5 6,0
100,'5499',810,,2549,1,,,0,107,,2548,1,,,0,101,,2546,1,,,0,100,,2538,1,,,0,102,,2544,1,,,0,100,,2539,1,,,0,100,,2545,1,,,0,100,,2540,1,,,0,100,,2542,1,,,0,100,,2550,1,,,0,99,,2541,1,,,0,109,,2543,1,,,0,99,,2547,1,,,0,100,,2552,1,,,0,105,,2551,1,,,0
101,'5495',616,,2553,8,4,,0,89,,2554,38,4,,0,27,,2568,38,4,,0,81,,2555,38,4,,0,111,,2556,38,4,,0,100,,2558,38,4,,0,210,,2559,38,4,,0,110,,2560,38,4,,0,70,,2561,38,4,,0,100,,2562,38,4,,0,41,,2570,38,4,,0,87,,2563,38,4,,0,159,,2569,38,4,,0,49,,2565,38,4,,0,162,,2566,38,4,,0,242,,2567,38,4,,0
101,'5496',1721,,2571,38,4,,0,212,,2575,38,4,,0,194,,2573,38,4,,0,276,,2574,38,4,,0
101,'5497',1721,,2576,38,4,,0,212,,2581,38,4,,0,194,,2578,38,4,,0,276,,2579,38,4,,0,120,,2580,15,4,,0
101,'5498',714,,2593,38,4,,0,100,,2588,38,4,,0,102,,2589,38,4,,0,101,,2590,38,4,,0,100,,2591,38,4,,0,101,,2592,38,4,,0,102,,2582,38,4,,0,100,,2586,38,4,,0,100,,2585,38,4,,0,100,,2584,38,4,,0,100,,2599,38,4,,0,99,,2583,38,4,,0,109,,2587,38,4,,0,99,,2594,38,4,,0,104,,2597,38,4,,0,110,,2595,38,4,,0,114,,2596,38,4,,0,94,,2598,38,4,,0
101,'5499',810,,2610,38,4,,0,107,,2612,38,4,,0,101,,2608,38,4,,0,100,,2600,38,4,,0,102,,2604,38,4,,0,100,,2602,38,4,,0,100,,2606,38,4,,0,100,,2601,38,4,,0,100,,2605,38,4,,0,100,,2611,38,4,,0,99,,2603,38,4,,0,109,,2607,38,4,,0,99,,2609,38,4,,0,100,,2613,38,4,,0,105,,2614,38,4,,0
