101,'5495',646,,2554,14,,,0,66,,2568,14,,,0,40,,2555,14,,,0,152,,2556,14,,,0,100,,2558,14,,,0,101,,2557,14,,,0,108,,2559,14,,,0,110,,2560,14,,,0,30,,2561,14,,,0,100,,2562,14,,,0,79,,2570,14,,,0,88,,2563,14,,,0,119,,2569,14,,,0,89,,2565,14,,,0,124,,2566,14,,,0,283,,2567,14,,,0
101,'5496',1523,,2572,14,0,5 6,0,136,,2571,14,,,0,254,,2575,14,,,0,195,,2573,14,,,0,237,,2574,14,,,0
101,'5497',1523,,2577,14,0,5 6,0,136,,2576,14,,,0,254,,2581,14,,,0,195,,2578,14,,,0,237,,2579,14,,,0
101,'5498',656,,2593,14,,,0,100,,2588,14,,,0,101,,2589,14,,,0,100,,2590,14,,,0,100,,2591,14,,,0,101,,2592,14,,,0,100,,2582,14,,,0,100,,2586,14,,,0,100,,2585,14,,,0,100,,2584,14,,,0,100,,2599,14,,,0,99,,2583,14,,,0,150,,2587,14,,,0,99,,2594,14,,,0,105,,2597,14,,,0,110,,2595,14,,,0,115,,2596,14,,,0,95,,2598,14,,,0
101,'5499',752,,2610,14,,,0,106,,2612,14,,,0,100,,2608,14,,,0,100,,2600,14,,,0,142,,2604,14,,,0,58,,2602,14,,,0,100,,2606,14,,,0,100,,2601,14,,,0,100,,2605,14,,,0,100,,2611,14,,,0,99,,2603,14,,,0,150,,2607,14,,,0,99,,2609,14,,,0,101,,2613,14,,,0,105,,2614,14,,,0
201,'5495',700,,2673,14,,,0,31,,2688,14,,,0,25,,2674,14,,,0,60,,2675,14,,,0,107,,2676,14,,,0,110,,2678,14,,,0,105,,2677,14,,,0,106,,2679,14,,,0,105,,2680,14,,,0,100,,2681,14,,,0,87,,2684,14,,,0,74,,2683,14,,,0,34,,2689,14,,,0,75,,2682,14,,,0,199,,2685,14,,,0,105,,2686,14,,,0,108,,2687,14,,,0
201,'5496',1809,,2690,14,,,0,431,,2691,14,,,0
201,'5497',1809,,2692,14,,,0,431,,2693,14,,,0,202,,2694,14,,,0
201,'5498',711,,2707,14,,,0,126,,2701,14,,,0,101,,2702,14,,,0,100,,2703,14,,,0,101,,2704,14,,,0,100,,2705,14,,,0,100,,2706,14,,,0,100,,2695,14,,,0,100,,2696,14,,,0,100,,2712,14,,,0,99,,2697,14,,,0,100,,2698,14,,,0,100,,2699,14,,,0,100,,2700,14,,,0,100,,2710,14,,,0,99,,2708,14,,,0,114,,2709,14,,,0,100,,2711,14,,,0
201,'5499',732,,2723,14,,,0,100,,2724,14,,,0,101,,2722,14,,,0,105,,2715,14,,,0,101,,2716,14,,,0,100,,2714,14,,,0,100,,2718,14,,,0,100,,2713,14,,,0,100,,2719,14,,,0,100,,2725,14,,,0,99,,2720,14,,,0,100,,2721,14,,,0,100,,2717,14,,,0,105,,2727,14,,,0,99,,2728,14,,,0,105,,2726,14,,,0
901,'5495',727,,2814,14,,,0,104,,2815,14,,,0,101,,2816,14,,,0,100,,2817,14,,,0,101,,2818,14,,,0,98,,2819,14,,,0,100,,2820,14,,,0,99,,2821,14,,,0,124,,2822,14,,,0,100,,2823,14,,,0,92,,2824,14,,,0,107,,2825,14,,,0,154,,2826,14,,,0
