100,'5210',838,,2053,30,4,,0,108,,2052,30,4,,0,102,,2050,30,4,,0,100,,2042,30,4,,0,102,,2048,30,4,,0,100,,2043,30,4,,0,100,,2049,30,4,,0,100,,2044,30,4,,0,100,,2046,30,4,,0,100,,2054,30,4,,0,98,,2045,30,4,,0,108,,2047,30,4,,0,99,,2051,30,4,,0,99,,2056,30,4,,0,104,,2055,30,4,,0
100,'5495',645,,2493,30,4,,0,91,,2494,30,4,,0,67,,2508,30,4,,0,44,,2495,30,4,,0,108,,2496,30,4,,0,99,,2497,30,4,,0,102,,2498,29,4,,0,149,,2500,30,4,,0,110,,2499,30,4,,0,30,,2501,30,4,,0,98,,2503,30,4,,0,4,,2504,30,4,,0,80,,2510,30,4,,0,87,,2502,30,4,,0,117,,2509,30,4,,0,89,,2505,30,4,,0,121,,2506,30,4,,0,280,,2507,30,4,,0
100,'5496',1753,,2511,30,4,,0,250,,2514,30,4,,0,153,,2512,30,4,,0,274,,2513,30,4,,0
100,'5497',1753,,2515,30,4,,0,250,,2519,30,4,,0,153,,2516,30,4,,0,274,,2517,30,4,,0
100,'5498',742,,2527,30,4,,0,100,,2522,30,4,,0,103,,2523,30,4,,0,102,,2524,30,4,,0,100,,2525,30,4,,0,101,,2526,30,4,,0,102,,2520,30,4,,0,100,,2521,30,4,,0,100,,2533,30,4,,0,100,,2534,30,4,,0,100,,2537,30,4,,0,98,,2532,30,4,,0,108,,2535,30,4,,0,99,,2536,30,4,,0,103,,2528,30,4,,0,149,,2531,30,4,,0,113,,2529,30,4,,0
100,'5499',838,,2549,30,4,,0,108,,2548,30,4,,0,102,,2546,30,4,,0,100,,2538,30,4,,0,102,,2544,30,4,,0,100,,2539,30,4,,0,100,,2545,30,4,,0,100,,2540,30,4,,0,100,,2542,30,4,,0,100,,2550,30,4,,0,98,,2541,30,4,,0,108,,2543,30,4,,0,99,,2547,30,4,,0,99,,2552,30,4,,0,104,,2551,30,4,,0
101,'5210',745,,2112,1,,,0,105,,2114,1,,,0,100,,2110,1,,,0,100,,2102,1,,,0,101,,2106,1,,,0,98,,2104,1,,,0,100,,2108,1,,,0,100,,2103,1,,,0,100,,2107,1,,,0,100,,2113,1,,,0,100,,2105,1,,,0,110,,2109,1,,,0,100,,2111,1,,,0,141,,2115,1,,,0,105,,2116,1,,,0
101,'5495',639,,2554,1,,,0,66,,2568,1,,,0,38,,2555,1,,,0,112,,2556,1,,,0,101,,2558,1,,,0,100,,2557,1,,,0,148,,2559,1,,,0,110,,2560,1,,,0,30,,2561,1,,,0,100,,2562,1,,,0,77,,2570,1,,,0,89,,2563,1,,,0,120,,2569,1,,,0,90,,2565,1,,,0,124,,2566,1,,,0,284,,2567,1,,,0
101,'5496',1511,,2572,1,0,5 6,0,139,,2571,1,,,0,255,,2575,1,,,0,195,,2573,1,,,0,238,,2574,1,,,0
101,'5497',1511,,2577,1,0,5 6,0,139,,2576,1,,,0,255,,2581,1,,,0,195,,2578,1,,,0,238,,2579,1,,,0
101,'5498',649,,2593,1,,,0,100,,2588,1,,,0,100,,2589,1,,,0,100,,2590,1,,,0,100,,2591,1,,,0,100,,2592,1,,,0,100,,2582,1,,,0,100,,2586,1,,,0,100,,2585,1,,,0,100,,2584,1,,,0,100,,2599,1,,,0,100,,2583,1,,,0,110,,2587,1,,,0,100,,2594,1,,,0,145,,2597,1,,,0,110,,2595,1,,,0,115,,2596,1,,,0,95,,2598,1,,,0
101,'5499',745,,2610,1,,,0,105,,2612,1,,,0,100,,2608,1,,,0,100,,2600,1,,,0,101,,2604,1,,,0,98,,2602,1,,,0,100,,2606,1,,,0,100,,2601,1,,,0,100,,2605,1,,,0,100,,2611,1,,,0,100,,2603,1,,,0,110,,2607,1,,,0,100,,2609,1,,,0,141,,2613,1,,,0,105,,2614,1,,,0
200,'5210',820,,2170,27,4,,0,100,,2171,27,4,,0,102,,2169,27,4,,0,106,,2160,27,4,,0,101,,2164,27,4,,0,101,,2162,27,4,,0,101,,2167,27,4,,0,100,,2161,27,4,,0,100,,2166,27,4,,0,99,,2172,27,4,,0,99,,2163,27,4,,0,100,,2168,27,4,,0,98,,2165,27,4,,0,105,,2175,27,4,,0,99,,2174,27,4,,0,103,,2173,27,4,,0
200,'5495',641,,2615,27,4,,0,109,,2616,27,4,,0,68,,2631,27,4,,0,27,,2617,27,4,,0,60,,2619,27,4,,0,106,,2618,27,4,,0,109,,2621,27,4,,0,108,,2620,27,4,,0,106,,2622,27,4,,0,105,,2623,27,4,,0,100,,2626,27,4,,0,87,,2627,27,4,,0,74,,2625,27,4,,0,33,,2632,27,4,,0,75,,2624,27,4,,0,199,,2628,27,4,,0,109,,2629,27,4,,0,107,,2630,27,4,,0
200,'5496',1858,,2633,27,4,,0,473,,2634,27,4,,0
200,'5497',1858,,2635,27,4,,0,473,,2636,27,4,,0
200,'5498',753,,2650,27,4,,0,173,,2644,27,4,,0,102,,2646,27,4,,0,100,,2645,27,4,,0,101,,2647,27,4,,0,101,,2648,27,4,,0,101,,2649,27,4,,0,100,,2638,27,4,,0,100,,2639,27,4,,0,99,,2655,27,4,,0,99,,2640,27,4,,0,100,,2641,27,4,,0,98,,2642,27,4,,0,100,,2643,27,4,,0,100,,2652,27,4,,0,97,,2651,27,4,,0,114,,2653,27,4,,0
200,'5499',820,,2666,27,4,,0,100,,2667,27,4,,0,102,,2665,27,4,,0,106,,2656,27,4,,0,101,,2660,27,4,,0,101,,2658,27,4,,0,101,,2663,27,4,,0,100,,2657,27,4,,0,100,,2662,27,4,,0,99,,2668,27,4,,0,99,,2659,27,4,,0,100,,2664,27,4,,0,98,,2661,27,4,,0,105,,2671,27,4,,0,99,,2670,27,4,,0,103,,2669,27,4,,0
201,'5210',725,,2229,1,,,0,100,,2230,1,,,0,100,,2228,1,,,0,105,,2221,1,,,0,100,,2222,1,,,0,100,,2220,1,,,0,100,,2224,1,,,0,100,,2219,1,,,0,100,,2225,1,,,0,100,,2231,1,,,0,100,,2226,1,,,0,100,,2227,1,,,0,100,,2223,1,,,0,105,,2233,1,,,0,100,,2234,1,,,0,105,,2232,1,,,0
201,'5495',653,,2673,1,,,0,71,,2688,1,,,0,24,,2674,1,,,0,60,,2675,1,,,0,107,,2676,1,,,0,110,,2678,1,,,0,105,,2677,1,,,0,105,,2679,1,,,0,105,,2680,1,,,0,100,,2681,1,,,0,85,,2684,1,,,0,75,,2683,1,,,0,35,,2689,1,,,0,75,,2682,1,,,0,200,,2685,1,,,0,105,,2686,1,,,0,108,,2687,1,,,0
201,'5496',1800,,2690,1,,,0,432,,2691,1,,,0
201,'5497',1800,,2692,1,,,0,432,,2693,1,,,0,203,,2694,1,,,0
201,'5498',705,,2707,1,,,0,125,,2701,1,,,0,100,,2702,1,,,0,100,,2703,1,,,0,100,,2704,1,,,0,100,,2705,1,,,0,100,,2706,1,,,0,100,,2695,1,,,0,100,,2696,1,,,0,100,,2712,1,,,0,100,,2697,1,,,0,100,,2698,1,,,0,100,,2699,1,,,0,100,,2700,1,,,0,100,,2710,1,,,0,100,,2708,1,,,0,115,,2709,1,,,0,100,,2711,1,,,0
201,'5499',725,,2723,1,,,0,100,,2724,1,,,0,100,,2722,1,,,0,105,,2715,1,,,0,100,,2716,1,,,0,100,,2714,1,,,0,100,,2718,1,,,0,100,,2713,1,,,0,100,,2719,1,,,0,100,,2725,1,,,0,100,,2720,1,,,0,100,,2721,1,,,0,100,,2717,1,,,0,105,,2727,1,,,0,100,,2728,1,,,0,105,,2726,1,,,0
301,'5210',720,,2290,1,0,9,0,23,,2290,26,4,,0,112,,2288,1,0,9,0,64,,2288,26,4,,0,36,,2280,1,0,9,0,66,,2280,26,4,,0,79,,2283,1,0,9,0,27,,2283,26,4,,0,73,,2279,1,0,9,0,28,,2279,26,4,,0,72,,2281,1,0,9,0,28,,2281,26,4,,0,72,,2284,1,0,9,0,28,,2284,26,4,,0,72,,2282,1,0,9,0,28,,2282,26,4,,0,72,,2285,1,0,9,0,28,,2285,26,4,,0,72,,2287,1,0,9,0,28,,2287,26,4,,0,72,,2286,1,0,9,0,25,,2286,26,4,,0,75,,2289,1,0,9,0,25,,2289,26,4,,0,80,,2291,1,0,9,0,23,,2291,26,4,,0,77,,2292,1,0,9,0,23,,2292,26,4,,0
301,'5495',613,,2729,1,0,9,0,24,,2729,26,4,,0,8,,2730,1,0,9,0,64,,2730,26,4,,0,6,,2731,1,0,9,0,24,,2731,26,4,,0,14,,2733,1,0,9,0,65,,2732,1,0,9,0,29,,2732,26,4,,0,73,,2735,1,0,9,0,26,,2735,26,4,,0,54,,2734,1,0,9,0,26,,2734,26,4,,0,74,,2737,1,0,9,0,27,,2737,26,4,,0,23,,2736,1,0,9,0,68,,2736,26,4,,0,22,,2741,1,0,9,0,68,,2741,26,4,,0,32,,2739,1,0,9,0,68,,2739,26,4,,0,12,,2738,1,0,9,0,28,,2738,26,4,,0,6,,2740,1,0,9,0,70,,2740,26,4,,0,2,,2744,1,0,9,0,29,,2748,1,0,9,0,1,,2744,26,4,,0,67,,2748,26,4,,0,7,,2743,1,0,9,0,28,,2743,26,4,,0,47,,2745,1,0,9,0,28,,2745,26,4,,0,17,,2742,1,0,9,0,67,,2742,26,4,,0,18,,2746,1,0,9,0,66,,2746,26,4,,0,29,,2747,1,0,9,0,26,,2747,26,4,,0,99,,2749,1,0,9,0,63,,2749,26,4,,0,212,,2750,1,0,9,0,23,,2750,26,4,,0
301,'5496',2200,,2751,1,0,9,0,23,,2751,26,4,,0
301,'5497',2200,,2752,1,0,9,0,23,,2752,26,4,,0
301,'5498',640,,2767,1,0,9,0,63,,2767,26,4,,0,97,,2760,1,0,9,0,24,,2760,26,4,,0,76,,2761,1,0,9,0,25,,2761,26,4,,0,75,,2766,1,0,9,0,26,,2766,26,4,,0,74,,2762,1,0,9,0,27,,2762,26,4,,0,73,,2763,1,0,9,0,28,,2763,26,4,,0,72,,2765,1,0,9,0,28,,2765,26,4,,0,72,,2757,1,0,9,0,28,,2757,26,4,,0,72,,2756,1,0,9,0,28,,2756,26,4,,0,72,,2758,1,0,9,0,28,,2758,26,4,,0,72,,2754,1,0,9,0,28,,2754,26,4,,0,72,,2759,1,0,9,0,25,,2759,26,4,,0,75,,2753,1,0,9,0,25,,2753,26,4,,0,75,,2755,1,0,9,0,23,,2755,26,4,,0,77,,2764,1,0,9,0,23,,2764,26,4,,0,77,,2768,1,0,9,0,23,,2768,26,4,,0,92,,2769,1,0,9,0,23,,2769,26,4,,0
301,'5499',720,,2781,1,0,9,0,23,,2781,26,4,,0,111,,2779,1,0,9,0,64,,2779,26,4,,0,36,,2771,1,0,9,0,66,,2771,26,4,,0,80,,2774,1,0,9,0,27,,2774,26,4,,0,73,,2770,1,0,9,0,28,,2770,26,4,,0,72,,2772,1,0,9,0,28,,2772,26,4,,0,72,,2775,1,0,9,0,28,,2775,26,4,,0,72,,2773,1,0,9,0,28,,2773,26,4,,0,72,,2776,1,0,9,0,28,,2776,26,4,,0,72,,2778,1,0,9,0,28,,2778,26,4,,0,72,,2777,1,0,9,0,25,,2777,26,4,,0,75,,2780,1,0,9,0,25,,2780,26,4,,0,80,,2782,1,0,9,0,23,,2782,26,4,,0,77,,2783,1,0,9,0,23,,2783,26,4,,0
400,'5495',749,,2784,14,4,,0,80,,2785,14,4,,0,77,,2786,14,4,,0,600,,2787,14,4,,0,218,,2788,14,4,,0
400,'5496',1603,,2790,14,4,,0,41,,2789,14,4,,0
400,'5497',1603,,2792,14,4,,0,41,,2791,14,4,,0
401,'5495',758,,2794,1,,,0,77,,2793,1,,,0,598,,2795,1,,,0,217,,2796,1,,,0
401,'5496',1610,,2797,1,,,0
401,'5497',1610,,2799,1,,,0
500,'5210',818,,2365,8,4,,0,36,,2366,8,4,,0,82,,2367,8,4,,0,73,,2368,8,4,,0,48,,2369,8,4,,0,73,,2370,8,4,,0,82,,2371,8,4,,0,33,,2372,8,4,,0,87,,2373,8,4,,0,73,,2374,8,4,,0,42,,2375,8,4,,0,73,,2354,8,4,,0,87,,2355,8,4,,0,33,,2357,8,4,,0,82,,2356,8,4,,0,33,,2359,8,4,,0,86,,2361,8,4,,0,74,,2358,8,4,,0,41,,2362,8,4,,0,72,,2360,8,4,,0,82,,2363,8,4,,0,33,,2364,8,4,,0
501,'5210',750,,2443,1,,,0,75,,2444,1,,,0,75,,2445,1,,,0,40,,2446,1,,,0,80,,2447,1,,,0,80,,2448,1,,,0,35,,2449,1,,,0,80,,2450,1,,,0,40,,2451,1,,,0,80,,2452,1,,,0,75,,2453,1,,,0,40,,2442,1,,,0,80,,2432,1,,,0,80,,2433,1,,,0,35,,2434,1,,,0,80,,2435,1,,,0,80,,2439,1,,,0,40,,2436,1,,,0,75,,2437,1,,,0,80,,2438,1,,,0,35,,2440,1,,,0,80,,2441,1,,,0
900,'5495',811,,2801,28,4,,0,105,,2803,28,4,,0,100,,2802,28,4,,0,100,,2805,28,4,,0,120,,2804,28,4,,0,80,,2807,28,4,,0,100,,2806,28,4,,0,102,,2808,28,4,,0,124,,2810,28,4,,0,100,,2809,28,4,,0,89,,2811,28,4,,0,106,,2812,28,4,,0,114,,2813,28,4,,0
901,'5495',720,,2814,1,,,0,103,,2815,1,,,0,102,,2816,1,,,0,99,,2817,1,,,0,101,,2818,1,,,0,98,,2819,1,,,0,100,,2820,1,,,0,98,,2821,1,,,0,124,,2822,1,,,0,100,,2823,1,,,0,93,,2824,1,,,0,108,,2825,1,,,0,154,,2826,1,,,0
