101,'5495',655,,2554,23,,,0,66,,2568,23,,,0,80,,2555,23,,,0,112,,2556,23,,,0,100,,2558,23,,,0,101,,2557,23,,,0,108,,2559,23,,,0,110,,2560,23,,,0,70,,2561,23,,,0,98,,2564,3,,,0,2,,2562,23,,,0,39,,2570,23,,,0,88,,2563,23,,,0,119,,2569,23,,,0,89,,2565,23,,,0,163,,2566,23,,,0,243,,2567,23,,,0
101,'5496',1532,,2572,23,0,5 6,0,176,,2571,23,,,0,213,,2575,23,,,0,195,,2573,23,,,0,236,,2574,23,,,0
101,'5497',1532,,2577,23,0,5 6,0,176,,2576,23,,,0,213,,2581,23,,,0,195,,2578,23,,,0,236,,2579,23,,,0
101,'5498',705,,2593,23,,,0,100,,2588,23,,,0,102,,2589,23,,,0,100,,2590,23,,,0,100,,2591,23,,,0,101,,2592,23,,,0,100,,2582,23,,,0,100,,2586,23,,,0,100,,2585,23,,,0,100,,2584,23,,,0,100,,2599,23,,,0,99,,2583,23,,,0,110,,2587,23,,,0,99,,2594,23,,,0,104,,2597,23,,,0,110,,2595,23,,,0,114,,2596,23,,,0,95,,2598,23,,,0
101,'5499',801,,2610,23,,,0,107,,2612,23,,,0,100,,2608,23,,,0,100,,2600,23,,,0,102,,2604,23,,,0,98,,2602,23,,,0,100,,2606,23,,,0,100,,2601,23,,,0,100,,2605,23,,,0,100,,2611,23,,,0,99,,2603,23,,,0,110,,2607,23,,,0,99,,2609,23,,,0,100,,2613,23,,,0,105,,2614,23,,,0
201,'5495',604,,2672,3,,,0,105,,2673,25,,,0,31,,2688,25,,,0,65,,2674,25,,,0,20,,2675,25,,,0,108,,2676,25,,,0,110,,2678,25,,,0,106,,2677,25,,,0,106,,2679,25,,,0,145,,2680,25,,,0,100,,2681,25,,,0,47,,2684,25,,,0,74,,2683,25,,,0,34,,2689,25,,,0,75,,2682,25,,,0,199,,2685,25,,,0,105,,2686,25,,,0,108,,2687,25,,,0
201,'5496',1820,,2690,25,,,0,430,,2691,25,,,0
201,'5497',1820,,2692,25,,,0,430,,2693,25,,,0,201,,2694,25,,,0
201,'5498',720,,2707,25,,,0,127,,2701,25,,,0,101,,2702,25,,,0,100,,2703,25,,,0,101,,2704,25,,,0,100,,2705,25,,,0,101,,2706,25,,,0,100,,2695,25,,,0,100,,2696,25,,,0,100,,2712,25,,,0,99,,2697,25,,,0,100,,2698,25,,,0,99,,2699,25,,,0,100,,2700,25,,,0,100,,2710,25,,,0,99,,2708,25,,,0,154,,2709,25,,,0,99,,2711,25,,,0
201,'5499',742,,2723,25,,,0,100,,2724,25,,,0,101,,2722,25,,,0,105,,2715,25,,,0,101,,2716,25,,,0,100,,2714,25,,,0,101,,2718,25,,,0,100,,2713,25,,,0,100,,2719,25,,,0,100,,2725,25,,,0,99,,2720,25,,,0,100,,2721,25,,,0,99,,2717,25,,,0,105,,2727,25,,,0,99,,2728,25,,,0,105,,2726,25,,,0
401,'5495',811,,2794,10,,,0,37,,2793,10,,,0,599,,2795,10,,,0,257,,2796,10,,,0
401,'5496',1624,,2797,10,,,0
401,'5497',1624,,2799,10,,,0
900,'5495',751,,2801,9,,,0,105,,2803,9,,,0,100,,2802,9,,,0,100,,2805,9,,,0,160,,2804,9,,,0,40,,2807,9,,,0,100,,2806,9,,,0,100,,2808,9,,,0,165,,2810,9,,,0,100,,2809,9,,,0,90,,2811,9,,,0,106,,2812,9,,,0,114,,2813,9,,,0
