101,'5495',643,,2554,7,,,0,66,,2568,7,,,0,39,,2555,7,,,0,152,,2556,7,,,0,101,,2558,7,,,0,100,,2557,7,,,0,108,,2559,7,,,0,110,,2560,7,,,0,30,,2561,7,,,0,100,,2562,7,,,0,77,,2570,7,,,0,89,,2563,7,,,0,120,,2569,7,,,0,90,,2565,7,,,0,124,,2566,7,,,0,283,,2567,7,,,0
101,'5496',1517,,2572,7,0,5 6,0,138,,2571,7,,,0,255,,2575,7,,,0,195,,2573,7,,,0,237,,2574,7,,,0
101,'5497',1517,,2577,7,0,5 6,0,138,,2576,7,,,0,255,,2581,7,,,0,195,,2578,7,,,0,237,,2579,7,,,0
101,'5498',653,,2593,7,,,0,100,,2588,7,,,0,101,,2589,7,,,0,100,,2590,7,,,0,100,,2591,7,,,0,100,,2592,7,,,0,100,,2582,7,,,0,100,,2586,7,,,0,100,,2585,7,,,0,100,,2584,7,,,0,100,,2599,7,,,0,100,,2583,7,,,0,150,,2587,7,,,0,99,,2594,7,,,0,105,,2597,7,,,0,110,,2595,7,,,0,115,,2596,7,,,0,95,,2598,7,,,0
101,'5499',749,,2610,7,,,0,106,,2612,7,,,0,100,,2608,7,,,0,100,,2600,7,,,0,101,,2604,7,,,0,98,,2602,7,,,0,100,,2606,7,,,0,100,,2601,7,,,0,100,,2605,7,,,0,100,,2611,7,,,0,100,,2603,7,,,0,150,,2607,7,,,0,99,,2609,7,,,0,101,,2613,7,,,0,105,,2614,7,,,0
201,'5495',657,,2673,7,,,0,71,,2688,7,,,0,25,,2674,7,,,0,60,,2675,7,,,0,107,,2676,7,,,0,110,,2678,7,,,0,105,,2677,7,,,0,105,,2679,7,,,0,105,,2680,7,,,0,100,,2681,7,,,0,85,,2684,7,,,0,75,,2683,7,,,0,35,,2689,7,,,0,75,,2682,7,,,0,200,,2685,7,,,0,105,,2686,7,,,0,108,,2687,7,,,0
201,'5496',1805,,2690,7,,,0,432,,2691,7,,,0
201,'5497',1805,,2692,7,,,0,432,,2693,7,,,0,202,,2694,7,,,0
201,'5498',708,,2707,7,,,0,126,,2701,7,,,0,101,,2702,7,,,0,100,,2703,7,,,0,100,,2704,7,,,0,100,,2705,7,,,0,100,,2706,7,,,0,100,,2695,7,,,0,100,,2696,7,,,0,100,,2712,7,,,0,100,,2697,7,,,0,100,,2698,7,,,0,100,,2699,7,,,0,100,,2700,7,,,0,100,,2710,7,,,0,99,,2708,7,,,0,114,,2709,7,,,0,100,,2711,7,,,0
201,'5499',729,,2723,7,,,0,100,,2724,7,,,0,101,,2722,7,,,0,105,,2715,7,,,0,100,,2716,7,,,0,100,,2714,7,,,0,100,,2718,7,,,0,100,,2713,7,,,0,100,,2719,7,,,0,100,,2725,7,,,0,100,,2720,7,,,0,100,,2721,7,,,0,100,,2717,7,,,0,105,,2727,7,,,0,99,,2728,7,,,0,105,,2726,7,,,0
901,'5495',724,,2814,7,,,0,103,,2815,7,,,0,102,,2816,7,,,0,100,,2817,7,,,0,101,,2818,7,,,0,98,,2819,7,,,0,100,,2820,7,,,0,98,,2821,7,,,0,124,,2822,7,,,0,100,,2823,7,,,0,93,,2824,7,,,0,107,,2825,7,,,0,154,,2826,7,,,0
