101,'5495',655,,2554,24,,,0,66,,2568,24,,,0,80,,2555,24,,,0,112,,2556,24,,,0,100,,2558,24,,,0,101,,2557,24,,,0,108,,2559,24,,,0,110,,2560,24,,,0,70,,2561,24,,,0,98,,2564,4,,,0,2,,2562,24,,,0,40,,2570,24,,,0,88,,2563,24,,,0,119,,2569,24,,,0,89,,2565,24,,,0,163,,2566,24,,,0,242,,2567,24,,,0
101,'5496',1533,,2572,24,4,,0,176,,2571,24,,,0,213,,2575,24,,,0,194,,2573,24,,,0,236,,2574,24,,,0
101,'5497',1533,,2577,24,4,,0,176,,2576,24,,,0,213,,2581,24,,,0,194,,2578,24,,,0,236,,2579,24,,,0,161,,2580,1,,,0
101,'5498',705,,2593,24,,,0,100,,2588,24,,,0,102,,2589,24,,,0,100,,2590,24,,,0,100,,2591,24,,,0,101,,2592,24,,,0,100,,2582,24,,,0,100,,2586,24,,,0,100,,2585,24,,,0,101,,2584,24,,,0,100,,2599,24,,,0,99,,2583,24,,,0,109,,2587,24,,,0,99,,2594,24,,,0,104,,2597,24,,,0,110,,2595,24,,,0,114,,2596,24,,,0,95,,2598,24,,,0
101,'5499',801,,2610,24,,,0,107,,2612,24,,,0,100,,2608,24,,,0,100,,2600,24,,,0,102,,2604,24,,,0,98,,2602,24,,,0,100,,2606,24,,,0,100,,2601,24,,,0,101,,2605,24,,,0,100,,2611,24,,,0,99,,2603,24,,,0,109,,2607,24,,,0,99,,2609,24,,,0,100,,2613,24,,,0,105,,2614,24,,,0
200,'5497',2513,,2637,8,4,,0
401,'5495',811,,2794,11,,,0,37,,2793,11,,,0,599,,2795,11,,,0,257,,2796,11,,,0
401,'5496',1533,,2798,1,,,0,91,,2797,11,,,0
401,'5497',1533,,2800,1,,,0,91,,2799,11,,,0
900,'5495',752,,2801,10,,,0,105,,2803,10,,,0,100,,2802,10,,,0,100,,2805,10,,,0,160,,2804,10,,,0,40,,2807,10,,,0,100,,2806,10,,,0,100,,2808,10,,,0,165,,2810,10,,,0,100,,2809,10,,,0,90,,2811,10,,,0,106,,2812,10,,,0,114,,2813,10,,,0
