100,'5495',634,,2493,19,,,0,91,,2494,19,,,0,27,,2508,19,,,0,82,,2495,19,,,0,109,,2496,19,,,0,100,,2497,19,,,0,102,,2498,18,,,0,109,,2500,19,,,0,150,,2499,19,,,0,30,,2501,19,,,0,97,,2503,19,,,0,4,,2504,19,,,0,80,,2510,19,,,0,87,,2502,19,,,0,118,,2509,19,,,0,89,,2505,19,,,0,121,,2506,19,,,0,281,,2507,19,,,0
100,'5496',1741,,2511,19,,,0,211,,2514,19,,,0,193,,2512,19,,,0,275,,2513,19,,,0
100,'5497',1741,,2515,19,,,0,211,,2519,19,,,0,193,,2516,19,,,0,275,,2517,19,,,0
100,'5498',733,,2527,19,,,0,100,,2522,19,,,0,102,,2523,19,,,0,101,,2524,19,,,0,100,,2525,19,,,0,101,,2526,19,,,0,102,,2520,19,,,0,100,,2521,19,,,0,100,,2533,19,,,0,100,,2534,19,,,0,100,,2537,19,,,0,99,,2532,19,,,0,108,,2535,19,,,0,99,,2536,19,,,0,103,,2528,19,,,0,110,,2531,19,,,0,153,,2529,19,,,0
100,'5499',829,,2549,19,,,0,107,,2548,19,,,0,101,,2546,19,,,0,100,,2538,19,,,0,102,,2544,19,,,0,100,,2539,19,,,0,100,,2545,19,,,0,100,,2540,19,,,0,100,,2542,19,,,0,100,,2550,19,,,0,99,,2541,19,,,0,108,,2543,19,,,0,99,,2547,19,,,0,99,,2552,19,,,0,105,,2551,19,,,0
200,'5495',631,,2615,16,,,0,109,,2616,16,,,0,67,,2631,16,,,0,26,,2617,16,,,0,20,,2619,16,,,0,147,,2618,16,,,0,110,,2621,16,,,0,107,,2620,16,,,0,106,,2622,16,,,0,105,,2623,16,,,0,100,,2626,16,,,0,87,,2627,16,,,0,34,,2625,16,,,0,74,,2632,16,,,0,35,,2624,16,,,0,199,,2628,16,,,0,149,,2629,16,,,0,107,,2630,16,,,0
200,'5496',1848,,2633,16,,,0,473,,2634,16,,,0
200,'5497',1848,,2635,16,,,0,473,,2636,16,,,0
200,'5498',744,,2650,16,,,0,172,,2644,16,,,0,102,,2646,16,,,0,100,,2645,16,,,0,101,,2647,16,,,0,100,,2648,16,,,0,101,,2649,16,,,0,100,,2638,16,,,0,100,,2639,16,,,0,100,,2655,16,,,0,99,,2640,16,,,0,100,,2641,16,,,0,99,,2642,16,,,0,100,,2643,16,,,0,100,,2652,16,,,0,97,,2651,16,,,0,114,,2653,16,,,0
200,'5499',810,,2666,16,,,0,100,,2667,16,,,0,102,,2665,16,,,0,106,,2656,16,,,0,101,,2660,16,,,0,100,,2658,16,,,0,101,,2663,16,,,0,100,,2657,16,,,0,100,,2662,16,,,0,100,,2668,16,,,0,99,,2659,16,,,0,100,,2664,16,,,0,99,,2661,16,,,0,105,,2671,16,,,0,99,,2670,16,,,0,103,,2669,16,,,0
900,'5495',800,,2801,17,,,0,105,,2803,17,,,0,100,,2802,17,,,0,100,,2805,17,,,0,120,,2804,17,,,0,80,,2807,17,,,0,100,,2806,17,,,0,100,,2808,17,,,0,125,,2810,17,,,0,100,,2809,17,,,0,89,,2811,17,,,0,106,,2812,17,,,0,114,,2813,17,,,0
