101,'5495',648,,2554,16,,,0,66,,2568,16,,,0,40,,2555,16,,,0,152,,2556,16,,,0,100,,2558,16,,,0,101,,2557,16,,,0,108,,2559,16,,,0,110,,2560,16,,,0,30,,2561,16,,,0,100,,2562,16,,,0,78,,2570,16,,,0,88,,2563,16,,,0,120,,2569,16,,,0,89,,2565,16,,,0,124,,2566,16,,,0,283,,2567,16,,,0
101,'5496',1524,,2572,16,0,5 6,0,177,,2571,16,,,0,214,,2575,16,,,0,195,,2573,16,,,0,236,,2574,16,,,0
101,'5497',1524,,2577,16,0,5 6,0,177,,2576,16,,,0,214,,2581,16,,,0,195,,2578,16,,,0,236,,2579,16,,,0
101,'5498',658,,2593,16,,,0,100,,2588,16,,,0,101,,2589,16,,,0,100,,2590,16,,,0,100,,2591,16,,,0,141,,2592,16,,,0,100,,2582,16,,,0,100,,2586,16,,,0,100,,2585,16,,,0,100,,2584,16,,,0,100,,2599,16,,,0,59,,2583,16,,,0,150,,2587,16,,,0,99,,2594,16,,,0,105,,2597,16,,,0,110,,2595,16,,,0,114,,2596,16,,,0,95,,2598,16,,,0
101,'5499',754,,2610,16,,,0,146,,2612,16,,,0,100,,2608,16,,,0,100,,2600,16,,,0,102,,2604,16,,,0,98,,2602,16,,,0,100,,2606,16,,,0,100,,2601,16,,,0,100,,2605,16,,,0,100,,2611,16,,,0,59,,2603,16,,,0,150,,2607,16,,,0,99,,2609,16,,,0,101,,2613,16,,,0,105,,2614,16,,,0
201,'5495',702,,2673,16,,,0,31,,2688,16,,,0,25,,2674,16,,,0,60,,2675,16,,,0,107,,2676,16,,,0,110,,2678,16,,,0,105,,2677,16,,,0,106,,2679,16,,,0,105,,2680,16,,,0,100,,2681,16,,,0,86,,2684,16,,,0,74,,2683,16,,,0,35,,2689,16,,,0,75,,2682,16,,,0,199,,2685,16,,,0,105,,2686,16,,,0,108,,2687,16,,,0
201,'5496',1811,,2690,16,,,0,431,,2691,16,,,0
201,'5497',1811,,2692,16,,,0,431,,2693,16,,,0,202,,2694,16,,,0
201,'5498',713,,2707,16,,,0,126,,2701,16,,,0,101,,2702,16,,,0,100,,2703,16,,,0,101,,2704,16,,,0,100,,2705,16,,,0,100,,2706,16,,,0,100,,2695,16,,,0,100,,2696,16,,,0,100,,2712,16,,,0,99,,2697,16,,,0,100,,2698,16,,,0,100,,2699,16,,,0,100,,2700,16,,,0,100,,2710,16,,,0,99,,2708,16,,,0,114,,2709,16,,,0,100,,2711,16,,,0
201,'5499',734,,2723,16,,,0,100,,2724,16,,,0,101,,2722,16,,,0,105,,2715,16,,,0,101,,2716,16,,,0,100,,2714,16,,,0,100,,2718,16,,,0,100,,2713,16,,,0,100,,2719,16,,,0,100,,2725,16,,,0,99,,2720,16,,,0,100,,2721,16,,,0,100,,2717,16,,,0,105,,2727,16,,,0,99,,2728,16,,,0,105,,2726,16,,,0
901,'5495',729,,2814,16,,,0,103,,2815,16,,,0,102,,2816,16,,,0,100,,2817,16,,,0,101,,2818,16,,,0,98,,2819,16,,,0,100,,2820,16,,,0,99,,2821,16,,,0,124,,2822,16,,,0,100,,2823,16,,,0,92,,2824,16,,,0,107,,2825,16,,,0,154,,2826,16,,,0
