101,'5210',746,,2112,2,,,0,105,,2114,2,,,0,100,,2110,2,,,0,100,,2102,2,,,0,101,,2106,2,,,0,98,,2104,2,,,0,100,,2108,2,,,0,100,,2103,2,,,0,100,,2107,2,,,0,100,,2113,2,,,0,100,,2105,2,,,0,150,,2109,2,,,0,100,,2111,2,,,0,101,,2115,2,,,0,105,,2116,2,,,0
101,'5495',640,,2554,2,,,0,66,,2568,2,,,0,38,,2555,2,,,0,112,,2556,2,,,0,101,,2558,2,,,0,100,,2557,2,,,0,148,,2559,2,,,0,110,,2560,2,,,0,30,,2561,2,,,0,100,,2562,2,,,0,77,,2570,2,,,0,89,,2563,2,,,0,120,,2569,2,,,0,90,,2565,2,,,0,124,,2566,2,,,0,284,,2567,2,,,0
101,'5496',1512,,2572,2,0,5 6,0,139,,2571,2,,,0,255,,2575,2,,,0,195,,2573,2,,,0,238,,2574,2,,,0
101,'5497',1512,,2577,2,0,5 6,0,139,,2576,2,,,0,255,,2581,2,,,0,195,,2578,2,,,0,238,,2579,2,,,0
101,'5498',650,,2593,2,,,0,100,,2588,2,,,0,100,,2589,2,,,0,100,,2590,2,,,0,100,,2591,2,,,0,100,,2592,2,,,0,100,,2582,2,,,0,100,,2586,2,,,0,100,,2585,2,,,0,100,,2584,2,,,0,100,,2599,2,,,0,100,,2583,2,,,0,150,,2587,2,,,0,100,,2594,2,,,0,105,,2597,2,,,0,110,,2595,2,,,0,115,,2596,2,,,0,95,,2598,2,,,0
101,'5499',746,,2610,2,,,0,105,,2612,2,,,0,100,,2608,2,,,0,100,,2600,2,,,0,101,,2604,2,,,0,98,,2602,2,,,0,100,,2606,2,,,0,100,,2601,2,,,0,100,,2605,2,,,0,100,,2611,2,,,0,100,,2603,2,,,0,150,,2607,2,,,0,100,,2609,2,,,0,101,,2613,2,,,0,105,,2614,2,,,0
201,'5210',726,,2229,2,,,0,100,,2230,2,,,0,100,,2228,2,,,0,105,,2221,2,,,0,100,,2222,2,,,0,100,,2220,2,,,0,100,,2224,2,,,0,100,,2219,2,,,0,100,,2225,2,,,0,100,,2231,2,,,0,100,,2226,2,,,0,100,,2227,2,,,0,100,,2223,2,,,0,105,,2233,2,,,0,100,,2234,2,,,0,105,,2232,2,,,0
201,'5495',654,,2673,2,,,0,71,,2688,2,,,0,24,,2674,2,,,0,60,,2675,2,,,0,107,,2676,2,,,0,110,,2678,2,,,0,105,,2677,2,,,0,105,,2679,2,,,0,105,,2680,2,,,0,100,,2681,2,,,0,85,,2684,2,,,0,75,,2683,2,,,0,35,,2689,2,,,0,75,,2682,2,,,0,200,,2685,2,,,0,105,,2686,2,,,0,108,,2687,2,,,0
201,'5496',1801,,2690,2,,,0,432,,2691,2,,,0
201,'5497',1801,,2692,2,,,0,432,,2693,2,,,0,203,,2694,2,,,0
201,'5498',706,,2707,2,,,0,125,,2701,2,,,0,100,,2702,2,,,0,100,,2703,2,,,0,100,,2704,2,,,0,100,,2705,2,,,0,100,,2706,2,,,0,100,,2695,2,,,0,100,,2696,2,,,0,100,,2712,2,,,0,100,,2697,2,,,0,100,,2698,2,,,0,100,,2699,2,,,0,100,,2700,2,,,0,100,,2710,2,,,0,100,,2708,2,,,0,115,,2709,2,,,0,100,,2711,2,,,0
201,'5499',726,,2723,2,,,0,100,,2724,2,,,0,100,,2722,2,,,0,105,,2715,2,,,0,100,,2716,2,,,0,100,,2714,2,,,0,100,,2718,2,,,0,100,,2713,2,,,0,100,,2719,2,,,0,100,,2725,2,,,0,100,,2720,2,,,0,100,,2721,2,,,0,100,,2717,2,,,0,105,,2727,2,,,0,100,,2728,2,,,0,105,,2726,2,,,0
301,'5210',721,,2290,2,0,9,0,135,,2288,2,0,9,0,100,,2280,2,0,9,0,145,,2283,2,0,9,0,100,,2279,2,0,9,0,100,,2281,2,0,9,0,100,,2284,2,0,9,0,100,,2282,2,0,9,0,100,,2285,2,0,9,0,100,,2287,2,0,9,0,100,,2286,2,0,9,0,100,,2289,2,0,9,0,105,,2291,2,0,9,0,100,,2292,2,0,9,0
301,'5495',614,,2729,2,0,9,0,32,,2730,2,0,9,0,70,,2731,2,0,9,0,38,,2733,2,0,9,0,65,,2732,2,0,9,0,102,,2735,2,0,9,0,80,,2734,2,0,9,0,100,,2737,2,0,9,0,50,,2736,2,0,9,0,90,,2741,2,0,9,0,100,,2739,2,0,9,0,80,,2738,2,0,9,0,34,,2740,2,0,9,0,72,,2744,2,0,9,0,29,,2748,2,0,9,0,75,,2743,2,0,9,0,75,,2745,2,0,9,0,45,,2742,2,0,9,0,85,,2746,2,0,9,0,95,,2747,2,0,9,0,125,,2749,2,0,9,0,275,,2750,2,0,9,0
301,'5496',2201,,2751,2,0,9,0
301,'5497',2201,,2752,2,0,9,0
301,'5498',641,,2767,2,0,9,0,160,,2760,2,0,9,0,100,,2761,2,0,9,0,100,,2766,2,0,9,0,100,,2762,2,0,9,0,100,,2763,2,0,9,0,100,,2765,2,0,9,0,100,,2757,2,0,9,0,100,,2756,2,0,9,0,100,,2758,2,0,9,0,100,,2754,2,0,9,0,100,,2759,2,0,9,0,100,,2753,2,0,9,0,100,,2755,2,0,9,0,100,,2764,2,0,9,0,100,,2768,2,0,9,0,115,,2769,2,0,9,0
301,'5499',721,,2781,2,0,9,0,134,,2779,2,0,9,0,100,,2771,2,0,9,0,146,,2774,2,0,9,0,100,,2770,2,0,9,0,100,,2772,2,0,9,0,100,,2775,2,0,9,0,100,,2773,2,0,9,0,100,,2776,2,0,9,0,100,,2778,2,0,9,0,100,,2777,2,0,9,0,100,,2780,2,0,9,0,105,,2782,2,0,9,0,100,,2783,2,0,9,0
401,'5495',759,,2794,2,,,0,77,,2793,2,,,0,598,,2795,2,,,0,217,,2796,2,,,0
401,'5496',1611,,2797,2,,,0
401,'5497',1611,,2799,2,,,0
501,'5210',751,,2443,2,,,0,75,,2444,2,,,0,82,,2445,3,,,0,33,,2446,2,,,0,88,,2447,3,,,0,72,,2448,2,,,0,43,,2449,3,,,0,72,,2450,2,,,0,88,,2451,3,,,0,32,,2452,2,,,0,83,,2453,3,,,0,32,,2442,2,,,0,88,,2432,3,,,0,72,,2433,2,,,0,43,,2434,3,,,0,72,,2435,2,,,0,87,,2439,3,,,0,33,,2436,2,,,0,82,,2437,3,,,0,73,,2438,2,,,0,42,,2440,3,,,0,73,,2441,2,,,0
901,'5495',721,,2814,2,,,0,103,,2815,2,,,0,102,,2816,2,,,0,99,,2817,2,,,0,101,,2818,2,,,0,98,,2819,2,,,0,100,,2820,2,,,0,98,,2821,2,,,0,124,,2822,2,,,0,100,,2823,2,,,0,93,,2824,2,,,0,108,,2825,2,,,0,154,,2826,2,,,0
