101,'5495',644,,2554,9,,,0,66,,2568,9,,,0,39,,2555,9,,,0,152,,2556,9,,,0,101,,2558,9,,,0,100,,2557,9,,,0,108,,2559,9,,,0,110,,2560,9,,,0,30,,2561,9,,,0,100,,2562,9,,,0,78,,2570,9,,,0,88,,2563,9,,,0,120,,2569,9,,,0,90,,2565,9,,,0,124,,2566,9,,,0,283,,2567,9,,,0
101,'5496',1518,,2572,9,0,5 6,0,138,,2571,9,,,0,255,,2575,9,,,0,195,,2573,9,,,0,237,,2574,9,,,0
101,'5497',1518,,2577,9,0,5 6,0,138,,2576,9,,,0,255,,2581,9,,,0,195,,2578,9,,,0,237,,2579,9,,,0
101,'5498',654,,2593,9,,,0,100,,2588,9,,,0,101,,2589,9,,,0,100,,2590,9,,,0,100,,2591,9,,,0,100,,2592,9,,,0,100,,2582,9,,,0,100,,2586,9,,,0,100,,2585,9,,,0,100,,2584,9,,,0,100,,2599,9,,,0,100,,2583,9,,,0,150,,2587,9,,,0,99,,2594,9,,,0,105,,2597,9,,,0,110,,2595,9,,,0,115,,2596,9,,,0,95,,2598,9,,,0
101,'5499',750,,2610,9,,,0,106,,2612,9,,,0,100,,2608,9,,,0,100,,2600,9,,,0,101,,2604,9,,,0,98,,2602,9,,,0,100,,2606,9,,,0,100,,2601,9,,,0,100,,2605,9,,,0,100,,2611,9,,,0,100,,2603,9,,,0,150,,2607,9,,,0,99,,2609,9,,,0,101,,2613,9,,,0,105,,2614,9,,,0
201,'5495',658,,2673,9,,,0,71,,2688,9,,,0,25,,2674,9,,,0,60,,2675,9,,,0,107,,2676,9,,,0,110,,2678,9,,,0,105,,2677,9,,,0,105,,2679,9,,,0,105,,2680,9,,,0,100,,2681,9,,,0,86,,2684,9,,,0,74,,2683,9,,,0,35,,2689,9,,,0,75,,2682,9,,,0,200,,2685,9,,,0,105,,2686,9,,,0,108,,2687,9,,,0
201,'5496',1806,,2690,9,,,0,432,,2691,9,,,0
201,'5497',1806,,2692,9,,,0,432,,2693,9,,,0,202,,2694,9,,,0
201,'5498',709,,2707,9,,,0,126,,2701,9,,,0,101,,2702,9,,,0,100,,2703,9,,,0,100,,2704,9,,,0,100,,2705,9,,,0,100,,2706,9,,,0,100,,2695,9,,,0,100,,2696,9,,,0,100,,2712,9,,,0,100,,2697,9,,,0,100,,2698,9,,,0,100,,2699,9,,,0,100,,2700,9,,,0,100,,2710,9,,,0,99,,2708,9,,,0,114,,2709,9,,,0,100,,2711,9,,,0
201,'5499',730,,2723,9,,,0,100,,2724,9,,,0,101,,2722,9,,,0,105,,2715,9,,,0,100,,2716,9,,,0,100,,2714,9,,,0,100,,2718,9,,,0,100,,2713,9,,,0,100,,2719,9,,,0,100,,2725,9,,,0,100,,2720,9,,,0,100,,2721,9,,,0,100,,2717,9,,,0,105,,2727,9,,,0,99,,2728,9,,,0,105,,2726,9,,,0
901,'5495',725,,2814,9,,,0,103,,2815,9,,,0,102,,2816,9,,,0,100,,2817,9,,,0,101,,2818,9,,,0,98,,2819,9,,,0,100,,2820,9,,,0,98,,2821,9,,,0,124,,2822,9,,,0,100,,2823,9,,,0,93,,2824,9,,,0,107,,2825,9,,,0,154,,2826,9,,,0
