100,'5495',638,,2493,25,,,0,91,,2494,25,,,0,27,,2508,25,,,0,83,,2495,25,,,0,109,,2496,25,,,0,99,,2497,25,,,0,102,,2498,24,,,0,109,,2500,25,,,0,150,,2499,25,,,0,30,,2501,25,,,0,98,,2503,25,,,0,4,,2504,25,,,0,80,,2510,25,,,0,87,,2502,25,,,0,117,,2509,25,,,0,89,,2505,25,,,0,121,,2506,25,,,0,281,,2507,25,,,0
100,'5496',1746,,2511,25,,,0,210,,2514,25,,,0,193,,2512,25,,,0,275,,2513,25,,,0
100,'5497',1746,,2515,25,,,0,210,,2519,25,,,0,193,,2516,25,,,0,275,,2517,25,,,0
100,'5498',737,,2527,25,,,0,100,,2522,25,,,0,102,,2523,25,,,0,101,,2524,25,,,0,100,,2525,25,,,0,101,,2526,25,,,0,102,,2520,25,,,0,100,,2521,25,,,0,100,,2533,25,,,0,100,,2534,25,,,0,100,,2537,25,,,0,99,,2532,25,,,0,108,,2535,25,,,0,99,,2536,25,,,0,103,,2528,25,,,0,150,,2531,25,,,0,113,,2529,25,,,0
100,'5499',833,,2549,25,,,0,107,,2548,25,,,0,101,,2546,25,,,0,100,,2538,25,,,0,102,,2544,25,,,0,100,,2539,25,,,0,100,,2545,25,,,0,100,,2540,25,,,0,100,,2542,25,,,0,100,,2550,25,,,0,99,,2541,25,,,0,108,,2543,25,,,0,99,,2547,25,,,0,99,,2552,25,,,0,105,,2551,25,,,0
200,'5495',635,,2615,22,,,0,109,,2616,22,,,0,67,,2631,22,,,0,26,,2617,22,,,0,20,,2619,22,,,0,147,,2618,22,,,0,110,,2621,22,,,0,107,,2620,22,,,0,106,,2622,22,,,0,105,,2623,22,,,0,100,,2626,22,,,0,87,,2627,22,,,0,34,,2625,22,,,0,74,,2632,22,,,0,75,,2624,22,,,0,199,,2628,22,,,0,109,,2629,22,,,0,107,,2630,22,,,0
200,'5496',1852,,2633,22,,,0,473,,2634,22,,,0
200,'5497',1852,,2635,22,,,0,473,,2636,22,,,0
200,'5498',748,,2650,22,,,0,172,,2644,22,,,0,102,,2646,22,,,0,100,,2645,22,,,0,101,,2647,22,,,0,100,,2648,22,,,0,101,,2649,22,,,0,100,,2638,22,,,0,100,,2639,22,,,0,100,,2655,22,,,0,99,,2640,22,,,0,100,,2641,22,,,0,99,,2642,22,,,0,100,,2643,22,,,0,100,,2652,22,,,0,97,,2651,22,,,0,114,,2653,22,,,0
200,'5499',814,,2666,22,,,0,100,,2667,22,,,0,102,,2665,22,,,0,106,,2656,22,,,0,101,,2660,22,,,0,100,,2658,22,,,0,101,,2663,22,,,0,100,,2657,22,,,0,100,,2662,22,,,0,100,,2668,22,,,0,99,,2659,22,,,0,100,,2664,22,,,0,99,,2661,22,,,0,105,,2671,22,,,0,99,,2670,22,,,0,103,,2669,22,,,0
900,'5495',804,,2801,23,,,0,105,,2803,23,,,0,100,,2802,23,,,0,100,,2805,23,,,0,120,,2804,23,,,0,80,,2807,23,,,0,100,,2806,23,,,0,101,,2808,23,,,0,125,,2810,23,,,0,100,,2809,23,,,0,89,,2811,23,,,0,106,,2812,23,,,0,114,,2813,23,,,0
