101,'5495',642,,2554,6,,,0,66,,2568,6,,,0,40,,2555,6,,,0,152,,2556,6,,,0,100,,2558,6,,,0,101,,2557,6,,,0,108,,2559,6,,,0,110,,2560,6,,,0,30,,2561,6,,,0,100,,2562,6,,,0,77,,2570,6,,,0,89,,2563,6,,,0,120,,2569,6,,,0,89,,2565,6,,,0,124,,2566,6,,,0,283,,2567,6,,,0
101,'5496',1516,,2572,6,0,5 6,0,139,,2571,6,,,0,254,,2575,6,,,0,195,,2573,6,,,0,237,,2574,6,,,0
101,'5497',1516,,2577,6,0,5 6,0,139,,2576,6,,,0,254,,2581,6,,,0,195,,2578,6,,,0,237,,2579,6,,,0
101,'5498',652,,2593,6,,,0,100,,2588,6,,,0,101,,2589,6,,,0,100,,2590,6,,,0,100,,2591,6,,,0,101,,2592,6,,,0,100,,2582,6,,,0,100,,2586,6,,,0,100,,2585,6,,,0,100,,2584,6,,,0,100,,2599,6,,,0,99,,2583,6,,,0,150,,2587,6,,,0,99,,2594,6,,,0,105,,2597,6,,,0,110,,2595,6,,,0,115,,2596,6,,,0,95,,2598,6,,,0
101,'5499',748,,2610,6,,,0,106,,2612,6,,,0,100,,2608,6,,,0,100,,2600,6,,,0,102,,2604,6,,,0,98,,2602,6,,,0,100,,2606,6,,,0,100,,2601,6,,,0,100,,2605,6,,,0,100,,2611,6,,,0,99,,2603,6,,,0,150,,2607,6,,,0,99,,2609,6,,,0,101,,2613,6,,,0,105,,2614,6,,,0
201,'5495',656,,2673,6,,,0,71,,2688,6,,,0,25,,2674,6,,,0,60,,2675,6,,,0,107,,2676,6,,,0,110,,2678,6,,,0,105,,2677,6,,,0,106,,2679,6,,,0,105,,2680,6,,,0,100,,2681,6,,,0,85,,2684,6,,,0,75,,2683,6,,,0,35,,2689,6,,,0,75,,2682,6,,,0,199,,2685,6,,,0,105,,2686,6,,,0,108,,2687,6,,,0
201,'5496',1805,,2690,6,,,0,431,,2691,6,,,0
201,'5497',1805,,2692,6,,,0,431,,2693,6,,,0,202,,2694,6,,,0
201,'5498',708,,2707,6,,,0,125,,2701,6,,,0,101,,2702,6,,,0,100,,2703,6,,,0,101,,2704,6,,,0,100,,2705,6,,,0,100,,2706,6,,,0,100,,2695,6,,,0,100,,2696,6,,,0,100,,2712,6,,,0,99,,2697,6,,,0,100,,2698,6,,,0,100,,2699,6,,,0,100,,2700,6,,,0,100,,2710,6,,,0,99,,2708,6,,,0,115,,2709,6,,,0,100,,2711,6,,,0
201,'5499',728,,2723,6,,,0,100,,2724,6,,,0,101,,2722,6,,,0,105,,2715,6,,,0,101,,2716,6,,,0,100,,2714,6,,,0,100,,2718,6,,,0,100,,2713,6,,,0,100,,2719,6,,,0,100,,2725,6,,,0,99,,2720,6,,,0,100,,2721,6,,,0,100,,2717,6,,,0,105,,2727,6,,,0,99,,2728,6,,,0,105,,2726,6,,,0
901,'5495',723,,2814,6,,,0,103,,2815,6,,,0,102,,2816,6,,,0,100,,2817,6,,,0,101,,2818,6,,,0,98,,2819,6,,,0,100,,2820,6,,,0,99,,2821,6,,,0,124,,2822,6,,,0,100,,2823,6,,,0,92,,2824,6,,,0,107,,2825,6,,,0,154,,2826,6,,,0
