100,'5495',642,,2493,29,,,0,91,,2494,29,,,0,67,,2508,29,,,0,44,,2495,29,,,0,108,,2496,29,,,0,99,,2497,29,,,0,102,,2498,28,,,0,149,,2500,29,,,0,110,,2499,29,,,0,30,,2501,29,,,0,98,,2503,29,,,0,4,,2504,29,,,0,80,,2510,29,,,0,87,,2502,29,,,0,117,,2509,29,,,0,89,,2505,29,,,0,121,,2506,29,,,0,281,,2507,29,,,0
100,'5496',1750,,2511,29,,,0,250,,2514,29,,,0,153,,2512,29,,,0,275,,2513,29,,,0
100,'5497',1750,,2515,29,,,0,250,,2519,29,,,0,153,,2516,29,,,0,275,,2517,29,,,0
100,'5498',740,,2527,29,,,0,100,,2522,29,,,0,103,,2523,29,,,0,101,,2524,29,,,0,100,,2525,29,,,0,101,,2526,29,,,0,102,,2520,29,,,0,100,,2521,29,,,0,100,,2533,29,,,0,100,,2534,29,,,0,100,,2537,29,,,0,99,,2532,29,,,0,108,,2535,29,,,0,99,,2536,29,,,0,103,,2528,29,,,0,149,,2531,29,,,0,113,,2529,29,,,0
100,'5499',836,,2549,29,,,0,108,,2548,29,,,0,101,,2546,29,,,0,100,,2538,29,,,0,102,,2544,29,,,0,100,,2539,29,,,0,100,,2545,29,,,0,100,,2540,29,,,0,100,,2542,29,,,0,100,,2550,29,,,0,99,,2541,29,,,0,108,,2543,29,,,0,99,,2547,29,,,0,99,,2552,29,,,0,104,,2551,29,,,0
200,'5495',639,,2615,26,,,0,109,,2616,26,,,0,67,,2631,26,,,0,27,,2617,26,,,0,60,,2619,26,,,0,106,,2618,26,,,0,110,,2621,26,,,0,107,,2620,26,,,0,106,,2622,26,,,0,105,,2623,26,,,0,100,,2626,26,,,0,87,,2627,26,,,0,34,,2625,26,,,0,74,,2632,26,,,0,75,,2624,26,,,0,199,,2628,26,,,0,109,,2629,26,,,0,107,,2630,26,,,0
200,'5496',1856,,2633,26,,,0,473,,2634,26,,,0
200,'5497',1856,,2635,26,,,0,473,,2636,26,,,0
200,'5498',751,,2650,26,,,0,173,,2644,26,,,0,102,,2646,26,,,0,100,,2645,26,,,0,101,,2647,26,,,0,100,,2648,26,,,0,101,,2649,26,,,0,100,,2638,26,,,0,100,,2639,26,,,0,100,,2655,26,,,0,99,,2640,26,,,0,100,,2641,26,,,0,98,,2642,26,,,0,100,,2643,26,,,0,100,,2652,26,,,0,97,,2651,26,,,0,114,,2653,26,,,0
200,'5499',818,,2666,26,,,0,100,,2667,26,,,0,102,,2665,26,,,0,106,,2656,26,,,0,101,,2660,26,,,0,100,,2658,26,,,0,101,,2663,26,,,0,100,,2657,26,,,0,100,,2662,26,,,0,100,,2668,26,,,0,99,,2659,26,,,0,100,,2664,26,,,0,98,,2661,26,,,0,105,,2671,26,,,0,99,,2670,26,,,0,103,,2669,26,,,0
301,'5495',634,,2729,25,,,0,72,,2730,25,,,0,30,,2731,25,,,0,79,,2733,25,,,0,29,,2732,25,,,0,99,,2735,25,,,0,80,,2734,25,,,0,101,,2737,25,,,0,91,,2736,25,,,0,90,,2741,25,,,0,100,,2739,25,,,0,40,,2738,25,,,0,76,,2740,25,,,0,32,,2744,25,,,0,67,,2748,25,,,0,35,,2743,25,,,0,75,,2745,25,,,0,84,,2742,25,,,0,44,,2746,25,,,0,95,,2747,25,,,0,163,,2749,25,,,0,235,,2750,25,,,0
301,'5496',2221,,2751,25,,,0
301,'5497',2221,,2752,25,,,0
301,'5498',701,,2767,25,,,0,121,,2760,25,,,0,100,,2761,25,,,0,101,,2766,25,,,0,101,,2762,25,,,0,101,,2763,25,,,0,100,,2765,25,,,0,100,,2757,25,,,0,100,,2756,25,,,0,100,,2758,25,,,0,100,,2754,25,,,0,97,,2759,25,,,0,100,,2753,25,,,0,99,,2755,25,,,0,100,,2764,25,,,0,100,,2768,25,,,0,115,,2769,25,,,0
301,'5499',741,,2781,25,,,0,175,,2779,25,,,0,101,,2771,25,,,0,107,,2774,25,,,0,101,,2770,25,,,0,100,,2772,25,,,0,100,,2775,25,,,0,100,,2773,25,,,0,100,,2776,25,,,0,100,,2778,25,,,0,97,,2777,25,,,0,100,,2780,25,,,0,104,,2782,25,,,0,100,,2783,25,,,0
400,'5495',747,,2784,13,,,0,80,,2785,13,,,0,77,,2786,13,,,0,599,,2787,13,,,0,218,,2788,13,,,0
400,'5496',1600,,2790,13,,,0,41,,2789,13,,,0
400,'5497',1600,,2792,13,,,0,41,,2791,13,,,0
900,'5495',808,,2801,27,,,0,105,,2803,27,,,0,100,,2802,27,,,0,100,,2805,27,,,0,120,,2804,27,,,0,80,,2807,27,,,0,100,,2806,27,,,0,102,,2808,27,,,0,124,,2810,27,,,0,100,,2809,27,,,0,89,,2811,27,,,0,106,,2812,27,,,0,114,,2813,27,,,0
