101,'5495',644,,2554,10,,,0,66,,2568,10,,,0,40,,2555,10,,,0,152,,2556,10,,,0,100,,2558,10,,,0,101,,2557,10,,,0,108,,2559,10,,,0,110,,2560,10,,,0,30,,2561,10,,,0,100,,2562,10,,,0,78,,2570,10,,,0,88,,2563,10,,,0,120,,2569,10,,,0,89,,2565,10,,,0,124,,2566,10,,,0,283,,2567,10,,,0
101,'5496',1519,,2572,10,0,5 6,0,138,,2571,10,,,0,254,,2575,10,,,0,195,,2573,10,,,0,237,,2574,10,,,0
101,'5497',1519,,2577,10,0,5 6,0,138,,2576,10,,,0,254,,2581,10,,,0,195,,2578,10,,,0,237,,2579,10,,,0
101,'5498',654,,2593,10,,,0,100,,2588,10,,,0,101,,2589,10,,,0,100,,2590,10,,,0,100,,2591,10,,,0,101,,2592,10,,,0,100,,2582,10,,,0,100,,2586,10,,,0,100,,2585,10,,,0,100,,2584,10,,,0,100,,2599,10,,,0,99,,2583,10,,,0,150,,2587,10,,,0,99,,2594,10,,,0,105,,2597,10,,,0,110,,2595,10,,,0,115,,2596,10,,,0,95,,2598,10,,,0
101,'5499',750,,2610,10,,,0,106,,2612,10,,,0,100,,2608,10,,,0,100,,2600,10,,,0,102,,2604,10,,,0,98,,2602,10,,,0,100,,2606,10,,,0,100,,2601,10,,,0,100,,2605,10,,,0,100,,2611,10,,,0,99,,2603,10,,,0,150,,2607,10,,,0,99,,2609,10,,,0,101,,2613,10,,,0,105,,2614,10,,,0
201,'5495',658,,2673,10,,,0,71,,2688,10,,,0,25,,2674,10,,,0,60,,2675,10,,,0,107,,2676,10,,,0,110,,2678,10,,,0,105,,2677,10,,,0,106,,2679,10,,,0,105,,2680,10,,,0,100,,2681,10,,,0,86,,2684,10,,,0,74,,2683,10,,,0,35,,2689,10,,,0,75,,2682,10,,,0,199,,2685,10,,,0,105,,2686,10,,,0,108,,2687,10,,,0
201,'5496',1807,,2690,10,,,0,431,,2691,10,,,0
201,'5497',1807,,2692,10,,,0,431,,2693,10,,,0,202,,2694,10,,,0
201,'5498',710,,2707,10,,,0,125,,2701,10,,,0,101,,2702,10,,,0,100,,2703,10,,,0,101,,2704,10,,,0,100,,2705,10,,,0,100,,2706,10,,,0,100,,2695,10,,,0,100,,2696,10,,,0,100,,2712,10,,,0,99,,2697,10,,,0,100,,2698,10,,,0,100,,2699,10,,,0,100,,2700,10,,,0,100,,2710,10,,,0,99,,2708,10,,,0,115,,2709,10,,,0,100,,2711,10,,,0
201,'5499',730,,2723,10,,,0,100,,2724,10,,,0,101,,2722,10,,,0,105,,2715,10,,,0,101,,2716,10,,,0,100,,2714,10,,,0,100,,2718,10,,,0,100,,2713,10,,,0,100,,2719,10,,,0,100,,2725,10,,,0,99,,2720,10,,,0,100,,2721,10,,,0,100,,2717,10,,,0,105,,2727,10,,,0,99,,2728,10,,,0,105,,2726,10,,,0
901,'5495',725,,2814,10,,,0,103,,2815,10,,,0,102,,2816,10,,,0,100,,2817,10,,,0,101,,2818,10,,,0,98,,2819,10,,,0,100,,2820,10,,,0,99,,2821,10,,,0,124,,2822,10,,,0,100,,2823,10,,,0,92,,2824,10,,,0,107,,2825,10,,,0,154,,2826,10,,,0
