100,'5495',636,,2493,21,,,0,91,,2494,21,,,0,27,,2508,21,,,0,82,,2495,21,,,0,109,,2496,21,,,0,100,,2497,21,,,0,102,,2498,20,,,0,109,,2500,21,,,0,150,,2499,21,,,0,30,,2501,21,,,0,97,,2503,21,,,0,4,,2504,21,,,0,80,,2510,21,,,0,87,,2502,21,,,0,118,,2509,21,,,0,89,,2505,21,,,0,121,,2506,21,,,0,281,,2507,21,,,0
100,'5496',1743,,2511,21,,,0,211,,2514,21,,,0,193,,2512,21,,,0,275,,2513,21,,,0
100,'5497',1743,,2515,21,,,0,211,,2519,21,,,0,193,,2516,21,,,0,275,,2517,21,,,0
100,'5498',735,,2527,21,,,0,100,,2522,21,,,0,102,,2523,21,,,0,101,,2524,21,,,0,100,,2525,21,,,0,101,,2526,21,,,0,102,,2520,21,,,0,100,,2521,21,,,0,100,,2533,21,,,0,100,,2534,21,,,0,100,,2537,21,,,0,99,,2532,21,,,0,108,,2535,21,,,0,99,,2536,21,,,0,103,,2528,21,,,0,150,,2531,21,,,0,113,,2529,21,,,0
100,'5499',831,,2549,21,,,0,107,,2548,21,,,0,101,,2546,21,,,0,100,,2538,21,,,0,102,,2544,21,,,0,100,,2539,21,,,0,100,,2545,21,,,0,100,,2540,21,,,0,100,,2542,21,,,0,100,,2550,21,,,0,99,,2541,21,,,0,108,,2543,21,,,0,99,,2547,21,,,0,99,,2552,21,,,0,105,,2551,21,,,0
200,'5495',633,,2615,18,,,0,109,,2616,18,,,0,67,,2631,18,,,0,26,,2617,18,,,0,20,,2619,18,,,0,147,,2618,18,,,0,110,,2621,18,,,0,107,,2620,18,,,0,106,,2622,18,,,0,105,,2623,18,,,0,100,,2626,18,,,0,87,,2627,18,,,0,34,,2625,18,,,0,74,,2632,18,,,0,75,,2624,18,,,0,159,,2628,18,,,0,149,,2629,18,,,0,107,,2630,18,,,0
200,'5496',1850,,2633,18,,,0,473,,2634,18,,,0
200,'5497',1850,,2635,18,,,0,473,,2636,18,,,0
200,'5498',746,,2650,18,,,0,172,,2644,18,,,0,102,,2646,18,,,0,100,,2645,18,,,0,101,,2647,18,,,0,100,,2648,18,,,0,101,,2649,18,,,0,100,,2638,18,,,0,100,,2639,18,,,0,100,,2655,18,,,0,99,,2640,18,,,0,100,,2641,18,,,0,99,,2642,18,,,0,100,,2643,18,,,0,100,,2652,18,,,0,97,,2651,18,,,0,114,,2653,18,,,0
200,'5499',812,,2666,18,,,0,100,,2667,18,,,0,102,,2665,18,,,0,106,,2656,18,,,0,101,,2660,18,,,0,100,,2658,18,,,0,101,,2663,18,,,0,100,,2657,18,,,0,100,,2662,18,,,0,100,,2668,18,,,0,99,,2659,18,,,0,100,,2664,18,,,0,99,,2661,18,,,0,105,,2671,18,,,0,99,,2670,18,,,0,103,,2669,18,,,0
400,'5495',742,,2784,10,,,0,80,,2785,10,,,0,37,,2786,10,,,0,599,,2787,10,,,0,258,,2788,10,,,0
400,'5496',1555,,2790,10,,,0,81,,2789,10,,,0
400,'5497',1555,,2792,10,,,0,81,,2791,10,,,0
900,'5495',802,,2801,19,,,0,105,,2803,19,,,0,100,,2802,19,,,0,100,,2805,19,,,0,120,,2804,19,,,0,80,,2807,19,,,0,100,,2806,19,,,0,100,,2808,19,,,0,125,,2810,19,,,0,100,,2809,19,,,0,89,,2811,19,,,0,106,,2812,19,,,0,114,,2813,19,,,0
