301,'5210',739,,2290,24,,,0,176,,2288,24,,,0,101,,2280,24,,,0,106,,2283,24,,,0,100,,2279,24,,,0,100,,2281,24,,,0,100,,2284,24,,,0,100,,2282,24,,,0,100,,2285,24,,,0,100,,2287,24,,,0,98,,2286,24,,,0,100,,2289,24,,,0,104,,2291,24,,,0,100,,2292,24,,,0
301,'5495',632,,2729,24,,,0,72,,2730,24,,,0,30,,2731,24,,,0,79,,2733,24,,,0,28,,2732,24,,,0,100,,2735,24,,,0,80,,2734,24,,,0,101,,2737,24,,,0,90,,2736,24,,,0,90,,2741,24,,,0,100,,2739,24,,,0,40,,2738,24,,,0,76,,2740,24,,,0,32,,2744,24,,,0,67,,2748,24,,,0,35,,2743,24,,,0,75,,2745,24,,,0,85,,2742,24,,,0,44,,2746,24,,,0,95,,2747,24,,,0,163,,2749,24,,,0,235,,2750,24,,,0
301,'5496',2219,,2751,24,,,0
301,'5497',2219,,2752,24,,,0
301,'5498',659,,2767,24,,,0,161,,2760,24,,,0,100,,2761,24,,,0,101,,2766,24,,,0,101,,2762,24,,,0,100,,2763,24,,,0,100,,2765,24,,,0,100,,2757,24,,,0,100,,2756,24,,,0,100,,2758,24,,,0,100,,2754,24,,,0,98,,2759,24,,,0,100,,2753,24,,,0,99,,2755,24,,,0,100,,2764,24,,,0,100,,2768,24,,,0,115,,2769,24,,,0
301,'5499',739,,2781,24,,,0,175,,2779,24,,,0,101,,2771,24,,,0,107,,2774,24,,,0,100,,2770,24,,,0,100,,2772,24,,,0,100,,2775,24,,,0,100,,2773,24,,,0,100,,2776,24,,,0,100,,2778,24,,,0,98,,2777,24,,,0,100,,2780,24,,,0,104,,2782,24,,,0,100,,2783,24,,,0
400,'5495',745,,2784,12,,,0,80,,2785,12,,,0,77,,2786,12,,,0,599,,2787,12,,,0,218,,2788,12,,,0
400,'5496',1558,,2790,12,,,0,81,,2789,12,,,0
400,'5497',1558,,2792,12,,,0,81,,2791,12,,,0
500,'5210',815,,2365,6,,,0,35,,2366,6,,,0,82,,2367,6,,,0,73,,2368,6,,,0,48,,2369,6,,,0,73,,2370,6,,,0,82,,2371,6,,,0,33,,2372,6,,,0,87,,2373,6,,,0,73,,2374,6,,,0,42,,2375,6,,,0,73,,2354,6,,,0,87,,2355,6,,,0,33,,2357,6,,,0,82,,2356,6,,,0,33,,2359,6,,,0,86,,2361,6,,,0,74,,2358,6,,,0,41,,2362,6,,,0,73,,2360,6,,,0,82,,2363,6,,,0,33,,2364,6,,,0
