100,'5495',626,,2493,14,,,0,91,,2494,14,,,0,27,,2508,14,,,0,81,,2495,14,,,0,110,,2496,14,,,0,100,,2497,14,,,0,101,,2498,13,,,0,109,,2500,14,,,0,110,,2499,14,,,0,70,,2501,14,,,0,97,,2503,14,,,0,4,,2504,14,,,0,80,,2510,14,,,0,47,,2502,14,,,0,159,,2509,14,,,0,89,,2505,14,,,0,122,,2506,14,,,0,282,,2507,14,,,0
100,'5496',1732,,2511,14,,,0,212,,2514,14,,,0,194,,2512,14,,,0,276,,2513,14,,,0
100,'5497',1732,,2515,14,,,0,212,,2519,14,,,0,194,,2516,14,,,0,276,,2517,14,,,0,119,,2518,14,0,5 6,0
100,'5498',725,,2527,14,,,0,100,,2522,14,,,0,102,,2523,14,,,0,101,,2524,14,,,0,100,,2525,14,,,0,101,,2526,14,,,0,102,,2520,14,,,0,100,,2521,14,,,0,100,,2533,14,,,0,100,,2534,14,,,0,100,,2537,14,,,0,99,,2532,14,,,0,109,,2535,14,,,0,99,,2536,14,,,0,103,,2528,14,,,0,110,,2531,14,,,0,154,,2529,14,,,0,54,,2530,14,0,5 6,0
100,'5499',821,,2549,14,,,0,107,,2548,14,,,0,101,,2546,14,,,0,100,,2538,14,,,0,102,,2544,14,,,0,100,,2539,14,,,0,100,,2545,14,,,0,100,,2540,14,,,0,100,,2542,14,,,0,100,,2550,14,,,0,99,,2541,14,,,0,109,,2543,14,,,0,99,,2547,14,,,0,99,,2552,14,,,0,105,,2551,14,,,0
200,'5495',621,,2615,9,,,0,109,,2616,9,,,0,27,,2631,9,,,0,65,,2617,9,,,0,20,,2619,9,,,0,108,,2618,9,,,0,150,,2621,9,,,0,106,,2620,9,,,0,106,,2622,9,,,0,105,,2623,9,,,0,100,,2626,9,,,0,87,,2627,9,,,0,34,,2625,9,,,0,74,,2632,9,,,0,35,,2624,9,,,0,199,,2628,9,,,0,109,,2629,9,,,0,148,,2630,9,,,0
200,'5496',1837,,2633,9,,,0,474,,2634,9,,,0
200,'5497',1837,,2635,9,,,0,474,,2636,9,,,0
200,'5498',734,,2650,9,,,0,172,,2644,9,,,0,101,,2646,9,,,0,100,,2645,9,,,0,101,,2647,9,,,0,100,,2648,9,,,0,101,,2649,9,,,0,100,,2638,9,,,0,100,,2639,9,,,0,100,,2655,9,,,0,99,,2640,9,,,0,100,,2641,9,,,0,99,,2642,9,,,0,100,,2643,9,,,0,100,,2652,9,,,0,98,,2651,9,,,0,114,,2653,9,,,0,99,,2654,9,,,0
200,'5499',800,,2666,9,,,0,100,,2667,9,,,0,101,,2665,9,,,0,106,,2656,9,,,0,101,,2660,9,,,0,100,,2658,9,,,0,101,,2663,9,,,0,100,,2657,9,,,0,100,,2662,9,,,0,100,,2668,9,,,0,99,,2659,9,,,0,100,,2664,9,,,0,99,,2661,9,,,0,105,,2671,9,,,0,99,,2670,9,,,0,104,,2669,9,,,0
400,'5495',738,,2784,8,,,0,80,,2785,8,,,0,37,,2786,8,,,0,599,,2787,8,,,0,257,,2788,8,,,0
400,'5496',1551,,2790,8,,,0,80,,2789,8,,,0
400,'5497',1551,,2792,8,,,0,80,,2791,8,,,0
901,'5495',738,,2814,26,,,0,104,,2815,26,,,0,101,,2816,26,,,0,100,,2817,26,,,0,101,,2818,26,,,0,98,,2819,26,,,0,100,,2820,26,,,0,100,,2821,26,,,0,164,,2822,26,,,0,100,,2823,26,,,0,51,,2824,26,,,0,147,,2825,26,,,0,114,,2826,26,,,0
