101,'5495',649,,2554,17,,,0,66,,2568,17,,,0,40,,2555,17,,,0,152,,2556,17,,,0,100,,2558,17,,,0,101,,2557,17,,,0,108,,2559,17,,,0,110,,2560,17,,,0,30,,2561,17,,,0,100,,2562,17,,,0,78,,2570,17,,,0,88,,2563,17,,,0,120,,2569,17,,,0,89,,2565,17,,,0,123,,2566,17,,,0,283,,2567,17,,,0
101,'5496',1525,,2572,17,0,5 6,0,177,,2571,17,,,0,213,,2575,17,,,0,195,,2573,17,,,0,237,,2574,17,,,0
101,'5497',1525,,2577,17,0,5 6,0,177,,2576,17,,,0,213,,2581,17,,,0,195,,2578,17,,,0,237,,2579,17,,,0
101,'5498',658,,2593,17,,,0,100,,2588,17,,,0,142,,2589,17,,,0,100,,2590,17,,,0,100,,2591,17,,,0,101,,2592,17,,,0,100,,2582,17,,,0,100,,2586,17,,,0,100,,2585,17,,,0,100,,2584,17,,,0,100,,2599,17,,,0,99,,2583,17,,,0,110,,2587,17,,,0,99,,2594,17,,,0,104,,2597,17,,,0,110,,2595,17,,,0,115,,2596,17,,,0,95,,2598,17,,,0
101,'5499',754,,2610,17,,,0,147,,2612,17,,,0,100,,2608,17,,,0,100,,2600,17,,,0,102,,2604,17,,,0,98,,2602,17,,,0,100,,2606,17,,,0,100,,2601,17,,,0,100,,2605,17,,,0,100,,2611,17,,,0,99,,2603,17,,,0,110,,2607,17,,,0,99,,2609,17,,,0,100,,2613,17,,,0,105,,2614,17,,,0
201,'5495',702,,2673,17,,,0,31,,2688,17,,,0,25,,2674,17,,,0,60,,2675,17,,,0,108,,2676,17,,,0,110,,2678,17,,,0,105,,2677,17,,,0,106,,2679,17,,,0,105,,2680,17,,,0,100,,2681,17,,,0,86,,2684,17,,,0,74,,2683,17,,,0,35,,2689,17,,,0,75,,2682,17,,,0,199,,2685,17,,,0,105,,2686,17,,,0,108,,2687,17,,,0
201,'5496',1812,,2690,17,,,0,431,,2691,17,,,0
201,'5497',1812,,2692,17,,,0,431,,2693,17,,,0,201,,2694,17,,,0
201,'5498',713,,2707,17,,,0,127,,2701,17,,,0,101,,2702,17,,,0,100,,2703,17,,,0,101,,2704,17,,,0,100,,2705,17,,,0,100,,2706,17,,,0,100,,2695,17,,,0,100,,2696,17,,,0,100,,2712,17,,,0,99,,2697,17,,,0,100,,2698,17,,,0,100,,2699,17,,,0,100,,2700,17,,,0,100,,2710,17,,,0,99,,2708,17,,,0,114,,2709,17,,,0,99,,2711,17,,,0
201,'5499',735,,2723,17,,,0,100,,2724,17,,,0,101,,2722,17,,,0,105,,2715,17,,,0,101,,2716,17,,,0,100,,2714,17,,,0,100,,2718,17,,,0,100,,2713,17,,,0,100,,2719,17,,,0,100,,2725,17,,,0,99,,2720,17,,,0,100,,2721,17,,,0,100,,2717,17,,,0,105,,2727,17,,,0,99,,2728,17,,,0,105,,2726,17,,,0
901,'5495',730,,2814,17,,,0,103,,2815,17,,,0,102,,2816,17,,,0,100,,2817,17,,,0,101,,2818,17,,,0,98,,2819,17,,,0,100,,2820,17,,,0,99,,2821,17,,,0,124,,2822,17,,,0,100,,2823,17,,,0,92,,2824,17,,,0,107,,2825,17,,,0,154,,2826,17,,,0
