100,'5495',636,,2493,22,,,0,91,,2494,22,,,0,27,,2508,22,,,0,83,,2495,22,,,0,109,,2496,22,,,0,99,,2497,22,,,0,102,,2498,21,,,0,109,,2500,22,,,0,150,,2499,22,,,0,30,,2501,22,,,0,98,,2503,22,,,0,4,,2504,22,,,0,80,,2510,22,,,0,87,,2502,22,,,0,117,,2509,22,,,0,89,,2505,22,,,0,121,,2506,22,,,0,281,,2507,22,,,0
100,'5496',1744,,2511,22,,,0,210,,2514,22,,,0,193,,2512,22,,,0,275,,2513,22,,,0
100,'5497',1744,,2515,22,,,0,210,,2519,22,,,0,193,,2516,22,,,0,275,,2517,22,,,0
100,'5498',735,,2527,22,,,0,100,,2522,22,,,0,102,,2523,22,,,0,101,,2524,22,,,0,100,,2525,22,,,0,101,,2526,22,,,0,102,,2520,22,,,0,100,,2521,22,,,0,100,,2533,22,,,0,100,,2534,22,,,0,100,,2537,22,,,0,99,,2532,22,,,0,108,,2535,22,,,0,99,,2536,22,,,0,103,,2528,22,,,0,150,,2531,22,,,0,113,,2529,22,,,0
100,'5499',831,,2549,22,,,0,107,,2548,22,,,0,101,,2546,22,,,0,100,,2538,22,,,0,102,,2544,22,,,0,100,,2539,22,,,0,100,,2545,22,,,0,100,,2540,22,,,0,100,,2542,22,,,0,100,,2550,22,,,0,99,,2541,22,,,0,108,,2543,22,,,0,99,,2547,22,,,0,99,,2552,22,,,0,105,,2551,22,,,0
200,'5495',633,,2615,19,,,0,109,,2616,19,,,0,67,,2631,19,,,0,26,,2617,19,,,0,20,,2619,19,,,0,147,,2618,19,,,0,110,,2621,19,,,0,107,,2620,19,,,0,106,,2622,19,,,0,105,,2623,19,,,0,100,,2626,19,,,0,87,,2627,19,,,0,34,,2625,19,,,0,74,,2632,19,,,0,75,,2624,19,,,0,159,,2628,19,,,0,149,,2629,19,,,0,107,,2630,19,,,0
200,'5496',1850,,2633,19,,,0,473,,2634,19,,,0
200,'5497',1850,,2635,19,,,0,473,,2636,19,,,0
200,'5498',746,,2650,19,,,0,172,,2644,19,,,0,102,,2646,19,,,0,100,,2645,19,,,0,101,,2647,19,,,0,100,,2648,19,,,0,101,,2649,19,,,0,100,,2638,19,,,0,100,,2639,19,,,0,100,,2655,19,,,0,99,,2640,19,,,0,100,,2641,19,,,0,99,,2642,19,,,0,100,,2643,19,,,0,100,,2652,19,,,0,97,,2651,19,,,0,114,,2653,19,,,0
200,'5499',812,,2666,19,,,0,100,,2667,19,,,0,102,,2665,19,,,0,106,,2656,19,,,0,101,,2660,19,,,0,100,,2658,19,,,0,101,,2663,19,,,0,100,,2657,19,,,0,100,,2662,19,,,0,100,,2668,19,,,0,99,,2659,19,,,0,100,,2664,19,,,0,99,,2661,19,,,0,105,,2671,19,,,0,99,,2670,19,,,0,103,,2669,19,,,0
400,'5495',742,,2784,11,,,0,80,,2785,11,,,0,37,,2786,11,,,0,599,,2787,11,,,0,258,,2788,11,,,0
400,'5496',1555,,2790,11,,,0,81,,2789,11,,,0
400,'5497',1555,,2792,11,,,0,81,,2791,11,,,0
900,'5495',802,,2801,20,,,0,105,,2803,20,,,0,100,,2802,20,,,0,100,,2805,20,,,0,120,,2804,20,,,0,80,,2807,20,,,0,100,,2806,20,,,0,101,,2808,20,,,0,125,,2810,20,,,0,100,,2809,20,,,0,89,,2811,20,,,0,106,,2812,20,,,0,114,,2813,20,,,0
