100,'5210',835,,2053,28,,,0,107,,2052,28,,,0,101,,2050,28,,,0,100,,2042,28,,,0,102,,2048,28,,,0,100,,2043,28,,,0,100,,2049,28,,,0,100,,2044,28,,,0,100,,2046,28,,,0,100,,2054,28,,,0,99,,2045,28,,,0,108,,2047,28,,,0,99,,2051,28,,,0,99,,2056,28,,,0,105,,2055,28,,,0
100,'5495',640,,2493,28,,,0,91,,2494,28,,,0,27,,2508,28,,,0,83,,2495,28,,,0,109,,2496,28,,,0,99,,2497,28,,,0,102,,2498,27,,,0,149,,2500,28,,,0,110,,2499,28,,,0,30,,2501,28,,,0,98,,2503,28,,,0,4,,2504,28,,,0,80,,2510,28,,,0,87,,2502,28,,,0,117,,2509,28,,,0,89,,2505,28,,,0,121,,2506,28,,,0,281,,2507,28,,,0
100,'5496',1748,,2511,28,,,0,210,,2514,28,,,0,193,,2512,28,,,0,275,,2513,28,,,0
100,'5497',1748,,2515,28,,,0,210,,2519,28,,,0,193,,2516,28,,,0,275,,2517,28,,,0
100,'5498',739,,2527,28,,,0,100,,2522,28,,,0,102,,2523,28,,,0,101,,2524,28,,,0,100,,2525,28,,,0,101,,2526,28,,,0,102,,2520,28,,,0,100,,2521,28,,,0,100,,2533,28,,,0,100,,2534,28,,,0,100,,2537,28,,,0,99,,2532,28,,,0,108,,2535,28,,,0,99,,2536,28,,,0,103,,2528,28,,,0,150,,2531,28,,,0,113,,2529,28,,,0
100,'5499',835,,2549,28,,,0,107,,2548,28,,,0,101,,2546,28,,,0,100,,2538,28,,,0,102,,2544,28,,,0,100,,2539,28,,,0,100,,2545,28,,,0,100,,2540,28,,,0,100,,2542,28,,,0,100,,2550,28,,,0,99,,2541,28,,,0,108,,2543,28,,,0,99,,2547,28,,,0,99,,2552,28,,,0,105,,2551,28,,,0
200,'5210',816,,2170,25,,,0,100,,2171,25,,,0,102,,2169,25,,,0,106,,2160,25,,,0,101,,2164,25,,,0,100,,2162,25,,,0,101,,2167,25,,,0,100,,2161,25,,,0,100,,2166,25,,,0,100,,2172,25,,,0,99,,2163,25,,,0,100,,2168,25,,,0,98,,2165,25,,,0,105,,2175,25,,,0,99,,2174,25,,,0,103,,2173,25,,,0
200,'5495',637,,2615,25,,,0,109,,2616,25,,,0,67,,2631,25,,,0,26,,2617,25,,,0,20,,2619,25,,,0,147,,2618,25,,,0,110,,2621,25,,,0,107,,2620,25,,,0,106,,2622,25,,,0,105,,2623,25,,,0,100,,2626,25,,,0,87,,2627,25,,,0,34,,2625,25,,,0,74,,2632,25,,,0,75,,2624,25,,,0,199,,2628,25,,,0,109,,2629,25,,,0,107,,2630,25,,,0
200,'5496',1854,,2633,25,,,0,473,,2634,25,,,0
200,'5497',1854,,2635,25,,,0,473,,2636,25,,,0
200,'5498',750,,2650,25,,,0,172,,2644,25,,,0,102,,2646,25,,,0,100,,2645,25,,,0,101,,2647,25,,,0,100,,2648,25,,,0,101,,2649,25,,,0,100,,2638,25,,,0,100,,2639,25,,,0,100,,2655,25,,,0,99,,2640,25,,,0,100,,2641,25,,,0,98,,2642,25,,,0,100,,2643,25,,,0,100,,2652,25,,,0,97,,2651,25,,,0,114,,2653,25,,,0
200,'5499',816,,2666,25,,,0,100,,2667,25,,,0,102,,2665,25,,,0,106,,2656,25,,,0,101,,2660,25,,,0,100,,2658,25,,,0,101,,2663,25,,,0,100,,2657,25,,,0,100,,2662,25,,,0,100,,2668,25,,,0,99,,2659,25,,,0,100,,2664,25,,,0,98,,2661,25,,,0,105,,2671,25,,,0,99,,2670,25,,,0,103,,2669,25,,,0
900,'5495',806,,2801,26,,,0,105,,2803,26,,,0,100,,2802,26,,,0,100,,2805,26,,,0,120,,2804,26,,,0,80,,2807,26,,,0,100,,2806,26,,,0,102,,2808,26,,,0,124,,2810,26,,,0,100,,2809,26,,,0,89,,2811,26,,,0,106,,2812,26,,,0,114,,2813,26,,,0
